timestamp,model,mode,epoch,width,depth,train_loss,val_loss,task,phase,candidate_dir,neurons,best_val,best_epoch,es_counter,improved,train_acc,val_acc,throughput
2026-05-30 12:28:01,denoising_ae_width_only,ae_width_only,1,3,10,1.1219575975369096,1.0779196651800023,denoising,ae_width_only,cand_016_d10_w3,80,1.0779196651800023,1,0,True,,,
2026-05-30 12:28:11,denoising_ae_width_only,ae_width_only,2,3,10,1.0482564714109268,1.0896239670535024,denoising,ae_width_only,cand_016_d10_w3,80,1.0779196651800023,1,1,False,,,
2026-05-30 12:28:19,denoising_ae_width_only,ae_width_only,3,3,10,1.0237348679936498,1.0319425107808993,denoising,ae_width_only,cand_016_d10_w3,80,1.0319425107808993,3,0,True,,,
2026-05-30 12:28:26,denoising_ae_width_only,ae_width_only,4,3,10,1.0175422729178598,1.0322218598729536,denoising,ae_width_only,cand_016_d10_w3,80,1.0319425107808993,3,1,False,,,
2026-05-30 12:28:34,denoising_ae_width_only,ae_width_only,5,3,10,1.0137602992785248,1.0250381067864807,denoising,ae_width_only,cand_016_d10_w3,80,1.0250381067864807,5,0,True,,,
2026-05-30 12:28:42,denoising_ae_width_only,ae_width_only,6,3,10,1.0112888756487934,1.0201165913546575,denoising,ae_width_only,cand_016_d10_w3,80,1.0201165913546575,6,0,True,,,
2026-05-30 12:28:49,denoising_ae_width_only,ae_width_only,7,3,10,1.0091943414524012,1.0158706134581217,denoising,ae_width_only,cand_016_d10_w3,80,1.0158706134581217,7,0,True,,,
2026-05-30 12:28:57,denoising_ae_width_only,ae_width_only,8,3,10,1.0077501940067084,1.0151039612545405,denoising,ae_width_only,cand_016_d10_w3,80,1.0151039612545405,8,0,True,,,
2026-05-30 12:29:05,denoising_ae_width_only,ae_width_only,9,3,10,1.0064925259355448,1.0138030829576286,denoising,ae_width_only,cand_016_d10_w3,80,1.0138030829576286,9,0,True,,,
2026-05-30 12:29:13,denoising_ae_width_only,ae_width_only,10,3,10,1.005524050415143,1.0134280712380348,denoising,ae_width_only,cand_016_d10_w3,80,1.0134280712380348,10,0,True,,,
2026-05-30 12:29:20,denoising_ae_width_only,ae_width_only,11,3,10,1.0046423045804256,1.0126638997350201,denoising,ae_width_only,cand_016_d10_w3,80,1.0126638997350201,11,0,True,,,
2026-05-30 12:29:28,denoising_ae_width_only,ae_width_only,12,3,10,1.0039794048129203,1.011626366481455,denoising,ae_width_only,cand_016_d10_w3,80,1.011626366481455,12,0,True,,,
2026-05-30 12:29:36,denoising_ae_width_only,ae_width_only,13,3,10,1.0033425117561798,1.0125978044951771,denoising,ae_width_only,cand_016_d10_w3,80,1.011626366481455,12,1,False,,,
2026-05-30 12:29:43,denoising_ae_width_only,ae_width_only,14,3,10,1.0028602746461868,1.0103851350914645,denoising,ae_width_only,cand_016_d10_w3,80,1.0103851350914645,14,0,True,,,
2026-05-30 12:29:51,denoising_ae_width_only,ae_width_only,15,3,10,1.002074853458492,1.0099333056574489,denoising,ae_width_only,cand_016_d10_w3,80,1.0099333056574489,15,0,True,,,
2026-05-30 12:29:59,denoising_ae_width_only,ae_width_only,16,3,10,1.001520583766614,1.0093792373019015,denoising,ae_width_only,cand_016_d10_w3,80,1.0093792373019015,16,0,True,,,
2026-05-30 12:30:07,denoising_ae_width_only,ae_width_only,17,3,10,1.0009594452073114,1.0088985183333734,denoising,ae_width_only,cand_016_d10_w3,80,1.0088985183333734,17,0,True,,,
2026-05-30 12:30:14,denoising_ae_width_only,ae_width_only,18,3,10,1.0004713674899708,1.008386606785482,denoising,ae_width_only,cand_016_d10_w3,80,1.008386606785482,18,0,True,,,
2026-05-30 12:30:24,denoising_ae_width_only,ae_width_only,19,3,10,1.000049642968364,1.0081899961605185,denoising,ae_width_only,cand_016_d10_w3,80,1.0081899961605185,19,0,True,,,
2026-05-30 12:30:35,denoising_ae_width_only,ae_width_only,20,3,10,0.999653923339158,1.0082610272776045,denoising,ae_width_only,cand_016_d10_w3,80,1.0081899961605185,19,1,False,,,
2026-05-30 12:30:46,denoising_ae_width_only,ae_width_only,21,3,10,0.9992274639159245,1.007810094911907,denoising,ae_width_only,cand_016_d10_w3,80,1.007810094911907,21,0,True,,,
2026-05-30 12:30:57,denoising_ae_width_only,ae_width_only,22,3,10,0.9987813293653035,1.0068697647450027,denoising,ae_width_only,cand_016_d10_w3,80,1.0068697647450027,22,0,True,,,
2026-05-30 12:31:09,denoising_ae_width_only,ae_width_only,23,3,10,0.9984157997793838,1.0063902268678346,denoising,ae_width_only,cand_016_d10_w3,80,1.0063902268678346,23,0,True,,,
2026-05-30 12:31:20,denoising_ae_width_only,ae_width_only,24,3,10,0.9980556810921142,1.0059950413360208,denoising,ae_width_only,cand_016_d10_w3,80,1.0059950413360208,24,0,True,,,
2026-05-30 12:31:30,denoising_ae_width_only,ae_width_only,25,3,10,0.997323293856311,1.0062530360189692,denoising,ae_width_only,cand_016_d10_w3,80,1.0059950413360208,24,1,False,,,
2026-05-30 12:31:42,denoising_ae_width_only,ae_width_only,26,3,10,0.9957107874985055,1.0048000614587003,denoising,ae_width_only,cand_016_d10_w3,80,1.0048000614587003,26,0,True,,,
2026-05-30 12:31:53,denoising_ae_width_only,ae_width_only,27,3,10,0.9947971545417087,1.0026584976355621,denoising,ae_width_only,cand_016_d10_w3,80,1.0026584976355621,27,0,True,,,
2026-05-30 12:32:03,denoising_ae_width_only,ae_width_only,28,3,10,0.9944931700836912,1.0021972014418534,denoising,ae_width_only,cand_016_d10_w3,80,1.0021972014418534,28,0,True,,,
2026-05-30 12:32:14,denoising_ae_width_only,ae_width_only,29,3,10,0.9937485555350808,1.0021850606135023,denoising,ae_width_only,cand_016_d10_w3,80,1.0021972014418534,28,1,False,,,
2026-05-30 12:32:26,denoising_ae_width_only,ae_width_only,30,3,10,0.9933200045203473,1.0015310702491174,denoising,ae_width_only,cand_016_d10_w3,80,1.0015310702491174,30,0,True,,,
2026-05-30 12:32:37,denoising_ae_width_only,ae_width_only,31,3,10,0.9928264891426005,1.000980619326452,denoising,ae_width_only,cand_016_d10_w3,80,1.000980619326452,31,0,True,,,
2026-05-30 12:32:48,denoising_ae_width_only,ae_width_only,32,3,10,0.9924383008760392,1.0010767964317073,denoising,ae_width_only,cand_016_d10_w3,80,1.000980619326452,31,1,False,,,
2026-05-30 12:32:59,denoising_ae_width_only,ae_width_only,33,3,10,0.9919624691537232,0.9999087045306427,denoising,ae_width_only,cand_016_d10_w3,80,0.9999087045306427,33,0,True,,,
2026-05-30 12:33:11,denoising_ae_width_only,ae_width_only,34,3,10,0.9914695909161727,0.9995004081036273,denoising,ae_width_only,cand_016_d10_w3,80,0.9995004081036273,34,0,True,,,
2026-05-30 12:33:22,denoising_ae_width_only,ae_width_only,35,3,10,0.9911212860844185,0.9995220493282198,denoising,ae_width_only,cand_016_d10_w3,80,0.9995004081036273,34,1,False,,,
2026-05-30 12:33:33,denoising_ae_width_only,ae_width_only,36,3,10,0.990720181121891,1.0016985431351215,denoising,ae_width_only,cand_016_d10_w3,80,0.9995004081036273,34,2,False,,,
2026-05-30 12:33:44,denoising_ae_width_only,ae_width_only,37,3,10,0.9903864892657392,0.999512115810638,denoising,ae_width_only,cand_016_d10_w3,80,0.9995004081036273,34,3,False,,,
2026-05-30 12:33:55,denoising_ae_width_only,ae_width_only,38,3,10,0.9899403547856471,0.9980925636862632,denoising,ae_width_only,cand_016_d10_w3,80,0.9980925636862632,38,0,True,,,
2026-05-30 12:34:06,denoising_ae_width_only,ae_width_only,39,3,10,0.9896274428695793,0.9983422596321954,denoising,ae_width_only,cand_016_d10_w3,80,0.9980925636862632,38,1,False,,,
2026-05-30 12:34:18,denoising_ae_width_only,ae_width_only,40,3,10,0.98944895466609,0.9979593922387273,denoising,ae_width_only,cand_016_d10_w3,80,0.9979593922387273,40,0,True,,,
2026-05-30 12:34:29,denoising_ae_width_only,ae_width_only,41,3,10,0.9891167191291045,0.9983900985769724,denoising,ae_width_only,cand_016_d10_w3,80,0.9979593922387273,40,1,False,,,
2026-05-30 12:34:40,denoising_ae_width_only,ae_width_only,42,3,10,0.9888277150070381,0.9977663014536706,denoising,ae_width_only,cand_016_d10_w3,80,0.9977663014536706,42,0,True,,,
2026-05-30 12:34:51,denoising_ae_width_only,ae_width_only,43,3,10,0.9885484776247907,0.9978424628645403,denoising,ae_width_only,cand_016_d10_w3,80,0.9977663014536706,42,1,False,,,
2026-05-30 12:35:02,denoising_ae_width_only,ae_width_only,44,3,10,0.9884262479456204,0.9964867475024558,denoising,ae_width_only,cand_016_d10_w3,80,0.9964867475024558,44,0,True,,,
2026-05-30 12:35:14,denoising_ae_width_only,ae_width_only,45,3,10,0.9881702530853658,0.9966829108407301,denoising,ae_width_only,cand_016_d10_w3,80,0.9964867475024558,44,1,False,,,
2026-05-30 12:35:25,denoising_ae_width_only,ae_width_only,46,3,10,0.9879265553746447,0.9959981328620243,denoising,ae_width_only,cand_016_d10_w3,80,0.9959981328620243,46,0,True,,,
2026-05-30 12:35:36,denoising_ae_width_only,ae_width_only,47,3,10,0.9877134094467872,0.996981967623161,denoising,ae_width_only,cand_016_d10_w3,80,0.9959981328620243,46,1,False,,,
2026-05-30 12:35:47,denoising_ae_width_only,ae_width_only,48,3,10,0.9874265756765246,0.9956162951790349,denoising,ae_width_only,cand_016_d10_w3,80,0.9956162951790349,48,0,True,,,
2026-05-30 12:35:59,denoising_ae_width_only,ae_width_only,49,3,10,0.9872714415541081,0.9955204946075881,denoising,ae_width_only,cand_016_d10_w3,80,0.9956162951790349,48,1,False,,,
2026-05-30 12:36:09,denoising_ae_width_only,ae_width_only,50,3,10,0.9871049575991245,1.000993393436586,denoising,ae_width_only,cand_016_d10_w3,80,0.9956162951790349,48,2,False,,,
2026-05-30 12:36:17,denoising_ae_width_only,ae_width_only,51,3,10,0.9869272605405074,0.9985758176674886,denoising,ae_width_only,cand_016_d10_w3,80,0.9956162951790349,48,3,False,,,
2026-05-30 12:36:26,denoising_ae_width_only,ae_width_only,52,3,10,0.986733534433497,0.9949114166841464,denoising,ae_width_only,cand_016_d10_w3,80,0.9949114166841464,52,0,True,,,
2026-05-30 12:36:37,denoising_ae_width_only,ae_width_only,53,3,10,0.9866203961898444,0.9947625182175217,denoising,ae_width_only,cand_016_d10_w3,80,0.9947625182175217,53,0,True,,,
2026-05-30 12:36:48,denoising_ae_width_only,ae_width_only,54,3,10,0.986390466600402,0.9945753905478161,denoising,ae_width_only,cand_016_d10_w3,80,0.9945753905478161,54,0,True,,,
2026-05-30 12:36:59,denoising_ae_width_only,ae_width_only,55,3,10,0.9862660080765757,0.9945508776854957,denoising,ae_width_only,cand_016_d10_w3,80,0.9945753905478161,54,1,False,,,
2026-05-30 12:37:10,denoising_ae_width_only,ae_width_only,56,3,10,0.9861215234459356,0.9955004519243555,denoising,ae_width_only,cand_016_d10_w3,80,0.9945753905478161,54,2,False,,,
2026-05-30 12:37:21,denoising_ae_width_only,ae_width_only,57,3,10,0.9859921134966498,0.994375495731649,denoising,ae_width_only,cand_016_d10_w3,80,0.994375495731649,57,0,True,,,
2026-05-30 12:37:33,denoising_ae_width_only,ae_width_only,58,3,10,0.9859096749488885,0.9942588112452394,denoising,ae_width_only,cand_016_d10_w3,80,0.9942588112452394,58,0,True,,,
2026-05-30 12:37:44,denoising_ae_width_only,ae_width_only,59,3,10,0.9857231844764387,0.9945793499782618,denoising,ae_width_only,cand_016_d10_w3,80,0.9942588112452394,58,1,False,,,
2026-05-30 12:37:55,denoising_ae_width_only,ae_width_only,60,3,10,0.9855562958269346,0.9938673401668423,denoising,ae_width_only,cand_016_d10_w3,80,0.9938673401668423,60,0,True,,,
2026-05-30 12:38:06,denoising_ae_width_only,ae_width_only,61,3,10,0.9855474643043944,0.9938772201529879,denoising,ae_width_only,cand_016_d10_w3,80,0.9938673401668423,60,1,False,,,
2026-05-30 12:38:18,denoising_ae_width_only,ae_width_only,62,3,10,0.9853635218297806,0.9935516517383215,denoising,ae_width_only,cand_016_d10_w3,80,0.9935516517383215,62,0,True,,,
2026-05-30 12:38:29,denoising_ae_width_only,ae_width_only,63,3,10,0.9852465108243131,0.9933619311634673,denoising,ae_width_only,cand_016_d10_w3,80,0.9933619311634673,63,0,True,,,
2026-05-30 12:38:40,denoising_ae_width_only,ae_width_only,64,3,10,0.9851781780070225,0.994515999184486,denoising,ae_width_only,cand_016_d10_w3,80,0.9933619311634673,63,1,False,,,
2026-05-30 12:38:48,denoising_ae_width_only,ae_width_only,65,3,10,0.9850391653605284,0.9938836252235307,denoising,ae_width_only,cand_016_d10_w3,80,0.9933619311634673,63,2,False,,,
2026-05-30 12:38:56,denoising_ae_width_only,ae_width_only,66,3,10,0.9848758373710139,0.9933292457965937,denoising,ae_width_only,cand_016_d10_w3,80,0.9933619311634673,63,3,False,,,
2026-05-30 12:39:04,denoising_ae_width_only,ae_width_only,67,3,10,0.9848868984158008,0.9930343930943817,denoising,ae_width_only,cand_016_d10_w3,80,0.9930343930943817,67,0,True,,,
2026-05-30 12:39:12,denoising_ae_width_only,ae_width_only,68,3,10,0.9847427179546606,0.9976372342477273,denoising,ae_width_only,cand_016_d10_w3,80,0.9930343930943817,67,1,False,,,
2026-05-30 12:39:20,denoising_ae_width_only,ae_width_only,69,3,10,0.9845968426911449,0.9940766536545846,denoising,ae_width_only,cand_016_d10_w3,80,0.9930343930943817,67,2,False,,,
2026-05-30 12:39:30,denoising_ae_width_only,ae_width_only,70,3,10,0.9845150091167428,0.9928233984296321,denoising,ae_width_only,cand_016_d10_w3,80,0.9928233984296321,70,0,True,,,
2026-05-30 12:39:38,denoising_ae_width_only,ae_width_only,71,3,10,0.9844332010543237,0.9966787947050867,denoising,ae_width_only,cand_016_d10_w3,80,0.9928233984296321,70,1,False,,,
2026-05-30 12:39:46,denoising_ae_width_only,ae_width_only,72,3,10,0.9843974683089382,0.9927976489553345,denoising,ae_width_only,cand_016_d10_w3,80,0.9928233984296321,70,2,False,,,
2026-05-30 12:39:57,denoising_ae_width_only,ae_width_only,73,3,10,0.9845297790997585,0.9954090536567086,denoising,ae_width_only,cand_016_d10_w3,80,0.9928233984296321,70,3,False,,,
2026-05-30 12:40:08,denoising_ae_width_only,ae_width_only,74,3,10,0.9842764020702192,0.9977968316244706,denoising,ae_width_only,cand_016_d10_w3,80,0.9928233984296321,70,4,False,,,
2026-05-30 12:40:19,denoising_ae_width_only,ae_width_only,75,3,10,0.9841065188711023,0.9934263695417072,denoising,ae_width_only,cand_016_d10_w3,80,0.9928233984296321,70,5,False,,,
2026-05-30 12:40:30,denoising_ae_width_only,ae_width_only,76,3,10,0.9839890570387788,0.9921055203741778,denoising,ae_width_only,cand_016_d10_w3,80,0.9921055203741778,76,0,True,,,
2026-05-30 12:40:41,denoising_ae_width_only,ae_width_only,77,3,10,0.9839339692491418,0.9920406546523527,denoising,ae_width_only,cand_016_d10_w3,80,0.9921055203741778,76,1,False,,,
2026-05-30 12:40:52,denoising_ae_width_only,ae_width_only,78,3,10,0.9838680257049583,0.9920542428791866,denoising,ae_width_only,cand_016_d10_w3,80,0.9921055203741778,76,2,False,,,
2026-05-30 12:41:04,denoising_ae_width_only,ae_width_only,79,3,10,0.9837365719984358,0.9920230105992994,denoising,ae_width_only,cand_016_d10_w3,80,0.9921055203741778,76,3,False,,,
2026-05-30 12:41:15,denoising_ae_width_only,ae_width_only,80,3,10,0.9836460477508557,0.9921534639761388,denoising,ae_width_only,cand_016_d10_w3,80,0.9921055203741778,76,4,False,,,
2026-05-30 12:41:26,denoising_ae_width_only,ae_width_only,81,3,10,0.9835865702620574,0.992036004322609,denoising,ae_width_only,cand_016_d10_w3,80,0.9921055203741778,76,5,False,,,
2026-05-30 12:41:38,denoising_ae_width_only,ae_width_only,82,3,10,0.9835101945088218,0.9917537064558954,denoising,ae_width_only,cand_016_d10_w3,80,0.9917537064558954,82,0,True,,,
2026-05-30 12:41:48,denoising_ae_width_only,ae_width_only,83,3,10,0.9834673901963635,0.9916537471819727,denoising,ae_width_only,cand_016_d10_w3,80,0.9917537064558954,82,1,False,,,
2026-05-30 12:41:59,denoising_ae_width_only,ae_width_only,84,3,10,0.9834393887970093,0.992615086685858,denoising,ae_width_only,cand_016_d10_w3,80,0.9917537064558954,82,2,False,,,
2026-05-30 12:42:10,denoising_ae_width_only,ae_width_only,85,3,10,0.9833101835385962,0.9919523836963118,denoising,ae_width_only,cand_016_d10_w3,80,0.9917537064558954,82,3,False,,,
2026-05-30 12:42:22,denoising_ae_width_only,ae_width_only,86,3,10,0.9832973257732747,0.9915987948858727,denoising,ae_width_only,cand_016_d10_w3,80,0.9915987948858727,86,0,True,,,
2026-05-30 12:42:33,denoising_ae_width_only,ae_width_only,87,3,10,0.983224704905433,0.9923666828499508,denoising,ae_width_only,cand_016_d10_w3,80,0.9915987948858727,86,1,False,,,
2026-05-30 12:42:44,denoising_ae_width_only,ae_width_only,88,3,10,0.9831934297062496,0.9915961737351743,denoising,ae_width_only,cand_016_d10_w3,80,0.9915987948858727,86,2,False,,,
2026-05-30 12:42:56,denoising_ae_width_only,ae_width_only,89,3,10,0.9831139575173006,0.9913001386848994,denoising,ae_width_only,cand_016_d10_w3,80,0.9913001386848994,89,0,True,,,
2026-05-30 12:43:07,denoising_ae_width_only,ae_width_only,90,3,10,0.9830235792971892,0.9911398411584995,denoising,ae_width_only,cand_016_d10_w3,80,0.9911398411584995,90,0,True,,,
2026-05-30 12:43:18,denoising_ae_width_only,ae_width_only,91,3,10,0.9829553228755592,0.9910620058318,denoising,ae_width_only,cand_016_d10_w3,80,0.9911398411584995,90,1,False,,,
2026-05-30 12:43:29,denoising_ae_width_only,ae_width_only,92,3,10,0.9829955789244798,0.9915235186010541,denoising,ae_width_only,cand_016_d10_w3,80,0.9911398411584995,90,2,False,,,
2026-05-30 12:43:40,denoising_ae_width_only,ae_width_only,93,3,10,0.9829025372450222,0.9910069458408858,denoising,ae_width_only,cand_016_d10_w3,80,0.9910069458408858,93,0,True,,,
2026-05-30 12:43:52,denoising_ae_width_only,ae_width_only,94,3,10,0.9828222588190346,0.9915937551321403,denoising,ae_width_only,cand_016_d10_w3,80,0.9910069458408858,93,1,False,,,
2026-05-30 12:44:03,denoising_ae_width_only,ae_width_only,95,3,10,0.9827212879886054,0.9909883892677119,denoising,ae_width_only,cand_016_d10_w3,80,0.9910069458408858,93,2,False,,,
2026-05-30 12:44:13,denoising_ae_width_only,ae_width_only,96,3,10,0.9826277228341538,0.9910492866657389,denoising,ae_width_only,cand_016_d10_w3,80,0.9910069458408858,93,3,False,,,
2026-05-30 12:44:25,denoising_ae_width_only,ae_width_only,97,3,10,0.9825802553438929,0.9906700563322863,denoising,ae_width_only,cand_016_d10_w3,80,0.9906700563322863,97,0,True,,,
2026-05-30 12:44:36,denoising_ae_width_only,ae_width_only,98,3,10,0.9823844953967834,0.9905845053058362,denoising,ae_width_only,cand_016_d10_w3,80,0.9906700563322863,97,1,False,,,
2026-05-30 12:44:47,denoising_ae_width_only,ae_width_only,99,3,10,0.9825726637356879,0.996014902857244,denoising,ae_width_only,cand_016_d10_w3,80,0.9906700563322863,97,2,False,,,
2026-05-30 12:44:58,denoising_ae_width_only,ae_width_only,100,3,10,0.9824618907535023,0.9907772434785509,denoising,ae_width_only,cand_016_d10_w3,80,0.9906700563322863,97,3,False,,,
2026-05-30 12:45:09,denoising_ae_width_only,ae_width_only,101,3,10,0.9823612246434682,0.9905674112967269,denoising,ae_width_only,cand_016_d10_w3,80,0.9905674112967269,101,0,True,,,
2026-05-30 12:45:20,denoising_ae_width_only,ae_width_only,102,3,10,0.9822593971172916,0.9905590413010709,denoising,ae_width_only,cand_016_d10_w3,80,0.9905674112967269,101,1,False,,,
2026-05-30 12:45:32,denoising_ae_width_only,ae_width_only,103,3,10,0.9821693997570238,0.9905312563570327,denoising,ae_width_only,cand_016_d10_w3,80,0.9905674112967269,101,2,False,,,
2026-05-30 12:45:43,denoising_ae_width_only,ae_width_only,104,3,10,0.9824037835388252,1.0014519161097666,denoising,ae_width_only,cand_016_d10_w3,80,0.9905674112967269,101,3,False,,,
2026-05-30 12:45:54,denoising_ae_width_only,ae_width_only,105,3,10,0.9821819162997636,0.9956271892453539,denoising,ae_width_only,cand_016_d10_w3,80,0.9905674112967269,101,4,False,,,
2026-05-30 12:46:05,denoising_ae_width_only,ae_width_only,106,3,10,0.9820741485191118,0.9908395907884662,denoising,ae_width_only,cand_016_d10_w3,80,0.9905674112967269,101,5,False,,,
2026-05-30 12:46:16,denoising_ae_width_only,ae_width_only,107,3,10,0.98193371534445,0.990461038058909,denoising,ae_width_only,cand_016_d10_w3,80,0.990461038058909,107,0,True,,,
2026-05-30 12:46:27,denoising_ae_width_only,ae_width_only,108,3,10,0.981853094738226,0.9914718320549414,denoising,ae_width_only,cand_016_d10_w3,80,0.990461038058909,107,1,False,,,
2026-05-30 12:46:38,denoising_ae_width_only,ae_width_only,109,3,10,0.9821382739899329,0.9946531162387366,denoising,ae_width_only,cand_016_d10_w3,80,0.990461038058909,107,2,False,,,
2026-05-30 12:46:49,denoising_ae_width_only,ae_width_only,110,3,10,0.9820102737871208,0.9961232985186886,denoising,ae_width_only,cand_016_d10_w3,80,0.990461038058909,107,3,False,,,
2026-05-30 12:47:00,denoising_ae_width_only,ae_width_only,111,3,10,0.9817659668305257,0.9901236608306179,denoising,ae_width_only,cand_016_d10_w3,80,0.9901236608306179,111,0,True,,,
2026-05-30 12:47:11,denoising_ae_width_only,ae_width_only,112,3,10,0.9817020229437591,1.0195332117571962,denoising,ae_width_only,cand_016_d10_w3,80,0.9901236608306179,111,1,False,,,
2026-05-30 12:47:23,denoising_ae_width_only,ae_width_only,113,3,10,0.9819629551018862,1.009752065163365,denoising,ae_width_only,cand_016_d10_w3,80,0.9901236608306179,111,2,False,,,
2026-05-30 12:47:34,denoising_ae_width_only,ae_width_only,114,3,10,0.9816965608144288,0.9912608787228906,denoising,ae_width_only,cand_016_d10_w3,80,0.9901236608306179,111,3,False,,,
2026-05-30 12:47:45,denoising_ae_width_only,ae_width_only,115,3,10,0.9816371253324082,0.9897286597325082,denoising,ae_width_only,cand_016_d10_w3,80,0.9897286597325082,115,0,True,,,
2026-05-30 12:47:56,denoising_ae_width_only,ae_width_only,116,3,10,0.981513414254495,0.9896538511647761,denoising,ae_width_only,cand_016_d10_w3,80,0.9897286597325082,115,1,False,,,
2026-05-30 12:48:07,denoising_ae_width_only,ae_width_only,117,3,10,0.9814488523277937,0.9896302627125237,denoising,ae_width_only,cand_016_d10_w3,80,0.9897286597325082,115,2,False,,,
2026-05-30 12:48:18,denoising_ae_width_only,ae_width_only,118,3,10,0.9814261015581619,0.9895103444097145,denoising,ae_width_only,cand_016_d10_w3,80,0.9895103444097145,118,0,True,,,
2026-05-30 12:48:29,denoising_ae_width_only,ae_width_only,119,3,10,0.9813824749190914,0.9895115149457968,denoising,ae_width_only,cand_016_d10_w3,80,0.9895103444097145,118,1,False,,,
2026-05-30 12:48:40,denoising_ae_width_only,ae_width_only,120,3,10,0.9814027786462622,0.9895438218604669,denoising,ae_width_only,cand_016_d10_w3,80,0.9895103444097145,118,2,False,,,
2026-05-30 12:48:51,denoising_ae_width_only,ae_width_only,121,3,10,0.9813183499176082,0.9897831211933197,denoising,ae_width_only,cand_016_d10_w3,80,0.9895103444097145,118,3,False,,,
2026-05-30 12:49:02,denoising_ae_width_only,ae_width_only,122,3,10,0.9812477120154208,0.9909815633525327,denoising,ae_width_only,cand_016_d10_w3,80,0.9895103444097145,118,4,False,,,
2026-05-30 12:49:13,denoising_ae_width_only,ae_width_only,123,3,10,0.9815345923660703,0.9907693145866063,denoising,ae_width_only,cand_016_d10_w3,80,0.9895103444097145,118,5,False,,,
2026-05-30 12:49:24,denoising_ae_width_only,ae_width_only,124,3,10,0.9812166663502224,0.9895411496732721,denoising,ae_width_only,cand_016_d10_w3,80,0.9895103444097145,118,6,False,,,
2026-05-30 12:49:35,denoising_ae_width_only,ae_width_only,125,3,10,0.9810356754954123,0.9928648235777323,denoising,ae_width_only,cand_016_d10_w3,80,0.9895103444097145,118,7,False,,,
2026-05-30 12:49:46,denoising_ae_width_only,ae_width_only,126,3,10,0.9810479945255863,0.9893391560218443,denoising,ae_width_only,cand_016_d10_w3,80,0.9893391560218443,126,0,True,,,
2026-05-30 12:49:56,denoising_ae_width_only,ae_width_only,127,3,10,0.9811004439028822,0.9899048903167307,denoising,ae_width_only,cand_016_d10_w3,80,0.9893391560218443,126,1,False,,,
2026-05-30 12:50:03,denoising_ae_width_only,ae_width_only,128,3,10,0.9809420018495046,0.9890577987310133,denoising,ae_width_only,cand_016_d10_w3,80,0.9890577987310133,128,0,True,,,
2026-05-30 12:50:11,denoising_ae_width_only,ae_width_only,129,3,10,0.9808898539557104,0.9894966522879253,denoising,ae_width_only,cand_016_d10_w3,80,0.9890577987310133,128,1,False,,,
2026-05-30 12:50:19,denoising_ae_width_only,ae_width_only,130,3,10,0.9811282182239408,0.9918494803175348,denoising,ae_width_only,cand_016_d10_w3,80,0.9890577987310133,128,2,False,,,
2026-05-30 12:50:27,denoising_ae_width_only,ae_width_only,131,3,10,0.9811517223403211,0.9892691608577158,denoising,ae_width_only,cand_016_d10_w3,80,0.9890577987310133,128,3,False,,,
2026-05-30 12:50:35,denoising_ae_width_only,ae_width_only,132,3,10,0.9808014342928555,1.0042621965798242,denoising,ae_width_only,cand_016_d10_w3,80,0.9890577987310133,128,4,False,,,
2026-05-30 12:50:43,denoising_ae_width_only,ae_width_only,133,3,10,0.9811451094996019,0.9898384703233385,denoising,ae_width_only,cand_016_d10_w3,80,0.9890577987310133,128,5,False,,,
2026-05-30 12:50:51,denoising_ae_width_only,ae_width_only,134,3,10,0.9809439523621025,0.9894460100341472,denoising,ae_width_only,cand_016_d10_w3,80,0.9890577987310133,128,6,False,,,
2026-05-30 12:50:58,denoising_ae_width_only,ae_width_only,135,3,10,0.9809198436560405,0.9890856214274297,denoising,ae_width_only,cand_016_d10_w3,80,0.9890577987310133,128,7,False,,,
2026-05-30 12:51:06,denoising_ae_width_only,ae_width_only,136,3,10,0.9808992660804002,0.9893060825954023,denoising,ae_width_only,cand_016_d10_w3,80,0.9890577987310133,128,8,False,,,
2026-05-30 12:51:15,denoising_ae_width_only,ae_width_only,137,3,10,0.9808483408672598,0.9889914389352245,denoising,ae_width_only,cand_016_d10_w3,80,0.9890577987310133,128,9,False,,,
2026-05-30 12:51:26,denoising_ae_width_only,ae_width_only,138,3,10,0.9806940615401565,0.9888683924621477,denoising,ae_width_only,cand_016_d10_w3,80,0.9888683924621477,138,0,True,,,
2026-05-30 12:51:37,denoising_ae_width_only,ae_width_only,139,3,10,0.9806570307640797,0.988820304918986,denoising,ae_width_only,cand_016_d10_w3,80,0.9888683924621477,138,1,False,,,
2026-05-30 12:51:48,denoising_ae_width_only,ae_width_only,140,3,10,0.9806568176828284,0.9887518946253427,denoising,ae_width_only,cand_016_d10_w3,80,0.9887518946253427,140,0,True,,,
2026-05-30 12:51:59,denoising_ae_width_only,ae_width_only,141,3,10,0.9805762288479666,0.9887687375524122,denoising,ae_width_only,cand_016_d10_w3,80,0.9887518946253427,140,1,False,,,
2026-05-30 12:52:10,denoising_ae_width_only,ae_width_only,142,3,10,0.980570976221634,0.9887358084836783,denoising,ae_width_only,cand_016_d10_w3,80,0.9887518946253427,140,2,False,,,
2026-05-30 12:52:22,denoising_ae_width_only,ae_width_only,143,3,10,0.9805244297646416,0.9884894966568274,denoising,ae_width_only,cand_016_d10_w3,80,0.9884894966568274,143,0,True,,,
2026-05-30 12:52:33,denoising_ae_width_only,ae_width_only,144,3,10,0.9804366815872666,0.9888110927806184,denoising,ae_width_only,cand_016_d10_w3,80,0.9884894966568274,143,1,False,,,
2026-05-30 12:52:44,denoising_ae_width_only,ae_width_only,145,3,10,0.9804064495546426,0.9888904365251336,denoising,ae_width_only,cand_016_d10_w3,80,0.9884894966568274,143,2,False,,,
2026-05-30 12:52:55,denoising_ae_width_only,ae_width_only,146,3,10,0.9803407144170525,0.9974515607432078,denoising,ae_width_only,cand_016_d10_w3,80,0.9884894966568274,143,3,False,,,
2026-05-30 12:53:06,denoising_ae_width_only,ae_width_only,147,3,10,0.9805171129263985,0.989041885616295,denoising,ae_width_only,cand_016_d10_w3,80,0.9884894966568274,143,4,False,,,
2026-05-30 12:53:18,denoising_ae_width_only,ae_width_only,148,3,10,0.9804044229264478,0.9885503319275711,denoising,ae_width_only,cand_016_d10_w3,80,0.9884894966568274,143,5,False,,,
2026-05-30 12:53:29,denoising_ae_width_only,ae_width_only,149,3,10,0.9803340620683317,0.9884313590787032,denoising,ae_width_only,cand_016_d10_w3,80,0.9884894966568274,143,6,False,,,
2026-05-30 12:53:40,denoising_ae_width_only,ae_width_only,150,3,10,0.9803243260298868,0.9886285248523887,denoising,ae_width_only,cand_016_d10_w3,80,0.9884894966568274,143,7,False,,,
2026-05-30 12:53:51,denoising_ae_width_only,ae_width_only,151,3,10,0.9802072803090514,0.9889233756249206,denoising,ae_width_only,cand_016_d10_w3,80,0.9884894966568274,143,8,False,,,
2026-05-30 12:54:02,denoising_ae_width_only,ae_width_only,152,3,10,0.98016931600044,0.9887220621872264,denoising,ae_width_only,cand_016_d10_w3,80,0.9884894966568274,143,9,False,,,
2026-05-30 12:54:13,denoising_ae_width_only,ae_width_only,153,3,10,0.9801325472424371,0.9881520925402257,denoising,ae_width_only,cand_016_d10_w3,80,0.9881520925402257,153,0,True,,,
2026-05-30 12:54:25,denoising_ae_width_only,ae_width_only,154,3,10,0.980109768356894,0.988211201393687,denoising,ae_width_only,cand_016_d10_w3,80,0.9881520925402257,153,1,False,,,
2026-05-30 12:54:36,denoising_ae_width_only,ae_width_only,155,3,10,0.979926852002124,0.9881665413694533,denoising,ae_width_only,cand_016_d10_w3,80,0.9881520925402257,153,2,False,,,
2026-05-30 12:54:47,denoising_ae_width_only,ae_width_only,156,3,10,0.979857070973417,0.988207430036767,denoising,ae_width_only,cand_016_d10_w3,80,0.9881520925402257,153,3,False,,,
2026-05-30 12:54:56,denoising_ae_width_only,ae_width_only,157,3,10,0.9800680718037028,1.0016973130703095,denoising,ae_width_only,cand_016_d10_w3,80,0.9881520925402257,153,4,False,,,
2026-05-30 12:55:04,denoising_ae_width_only,ae_width_only,158,3,10,0.9800385789466406,1.0147238691881748,denoising,ae_width_only,cand_016_d10_w3,80,0.9881520925402257,153,5,False,,,
2026-05-30 12:55:12,denoising_ae_width_only,ae_width_only,159,3,10,0.9801920076437414,0.9913472287671414,denoising,ae_width_only,cand_016_d10_w3,80,0.9881520925402257,153,6,False,,,
2026-05-30 12:55:20,denoising_ae_width_only,ae_width_only,160,3,10,0.979860754260913,0.9880374422299222,denoising,ae_width_only,cand_016_d10_w3,80,0.9880374422299222,160,0,True,,,
2026-05-30 12:55:28,denoising_ae_width_only,ae_width_only,161,3,10,0.9797223606150859,0.9877171168470791,denoising,ae_width_only,cand_016_d10_w3,80,0.9877171168470791,161,0,True,,,
2026-05-30 12:55:36,denoising_ae_width_only,ae_width_only,162,3,10,0.9796369097395471,0.9880180850939727,denoising,ae_width_only,cand_016_d10_w3,80,0.9877171168470791,161,1,False,,,
2026-05-30 12:55:43,denoising_ae_width_only,ae_width_only,163,3,10,0.9795904778361652,0.9880801331537118,denoising,ae_width_only,cand_016_d10_w3,80,0.9877171168470791,161,2,False,,,
2026-05-30 12:55:51,denoising_ae_width_only,ae_width_only,164,3,10,0.9795108448625296,0.9878936917842849,denoising,ae_width_only,cand_016_d10_w3,80,0.9877171168470791,161,3,False,,,
2026-05-30 12:55:59,denoising_ae_width_only,ae_width_only,165,3,10,0.9794352928428943,0.9876218871644286,denoising,ae_width_only,cand_016_d10_w3,80,0.9877171168470791,161,4,False,,,
2026-05-30 12:56:07,denoising_ae_width_only,ae_width_only,166,3,10,0.9794236625252132,0.9879043392896164,denoising,ae_width_only,cand_016_d10_w3,80,0.9877171168470791,161,5,False,,,
2026-05-30 12:56:15,denoising_ae_width_only,ae_width_only,167,3,10,0.9793996739173617,0.9875235357212078,denoising,ae_width_only,cand_016_d10_w3,80,0.9875235357212078,167,0,True,,,
2026-05-30 12:56:23,denoising_ae_width_only,ae_width_only,168,3,10,0.9793074667119074,0.9879176496261184,denoising,ae_width_only,cand_016_d10_w3,80,0.9875235357212078,167,1,False,,,
2026-05-30 12:56:31,denoising_ae_width_only,ae_width_only,169,3,10,0.9795316650779698,0.9877728058274946,denoising,ae_width_only,cand_016_d10_w3,80,0.9875235357212078,167,2,False,,,
2026-05-30 12:56:39,denoising_ae_width_only,ae_width_only,170,3,10,0.9792202967122818,0.9878889459379466,denoising,ae_width_only,cand_016_d10_w3,80,0.9875235357212078,167,3,False,,,
2026-05-30 12:56:46,denoising_ae_width_only,ae_width_only,171,3,10,0.979207031776746,0.9880453968724766,denoising,ae_width_only,cand_016_d10_w3,80,0.9875235357212078,167,4,False,,,
2026-05-30 12:56:54,denoising_ae_width_only,ae_width_only,172,3,10,0.9791610625875516,0.9873657885608229,denoising,ae_width_only,cand_016_d10_w3,80,0.9873657885608229,172,0,True,,,
2026-05-30 12:57:02,denoising_ae_width_only,ae_width_only,173,3,10,0.979089472813511,0.987121391176564,denoising,ae_width_only,cand_016_d10_w3,80,0.987121391176564,173,0,True,,,
2026-05-30 12:57:10,denoising_ae_width_only,ae_width_only,174,3,10,0.9790041230295322,0.987163505987777,denoising,ae_width_only,cand_016_d10_w3,80,0.987121391176564,173,1,False,,,
2026-05-30 12:57:18,denoising_ae_width_only,ae_width_only,175,3,10,0.9789063072782158,0.9874935507070599,denoising,ae_width_only,cand_016_d10_w3,80,0.987121391176564,173,2,False,,,
2026-05-30 12:57:26,denoising_ae_width_only,ae_width_only,176,3,10,0.9788327258265302,0.9877627757766715,denoising,ae_width_only,cand_016_d10_w3,80,0.987121391176564,173,3,False,,,
2026-05-30 12:57:33,denoising_ae_width_only,ae_width_only,177,3,10,0.9787954545134416,0.9871817266889161,denoising,ae_width_only,cand_016_d10_w3,80,0.987121391176564,173,4,False,,,
2026-05-30 12:57:41,denoising_ae_width_only,ae_width_only,178,3,10,0.9786992951311037,0.9872543181117944,denoising,ae_width_only,cand_016_d10_w3,80,0.987121391176564,173,5,False,,,
2026-05-30 12:57:49,denoising_ae_width_only,ae_width_only,179,3,10,0.978650817719059,0.9867275169561681,denoising,ae_width_only,cand_016_d10_w3,80,0.9867275169561681,179,0,True,,,
2026-05-30 12:57:57,denoising_ae_width_only,ae_width_only,180,3,10,0.9786145443732279,0.987333736645002,denoising,ae_width_only,cand_016_d10_w3,80,0.9867275169561681,179,1,False,,,
2026-05-30 12:58:05,denoising_ae_width_only,ae_width_only,181,3,10,0.9785451291752894,0.9867077352967771,denoising,ae_width_only,cand_016_d10_w3,80,0.9867275169561681,179,2,False,,,
2026-05-30 12:58:12,denoising_ae_width_only,ae_width_only,182,3,10,0.9784644956586795,0.9865901327617804,denoising,ae_width_only,cand_016_d10_w3,80,0.9865901327617804,182,0,True,,,
2026-05-30 12:58:20,denoising_ae_width_only,ae_width_only,183,3,10,0.9784901806443949,0.986415836453485,denoising,ae_width_only,cand_016_d10_w3,80,0.986415836453485,183,0,True,,,
2026-05-30 12:58:28,denoising_ae_width_only,ae_width_only,184,3,10,0.9783814859637495,0.9864769466866996,denoising,ae_width_only,cand_016_d10_w3,80,0.986415836453485,183,1,False,,,
2026-05-30 12:58:36,denoising_ae_width_only,ae_width_only,185,3,10,0.9784321362266304,0.986579693698819,denoising,ae_width_only,cand_016_d10_w3,80,0.986415836453485,183,2,False,,,
2026-05-30 12:58:43,denoising_ae_width_only,ae_width_only,186,3,10,0.9784624941559693,0.9993899581331848,denoising,ae_width_only,cand_016_d10_w3,80,0.986415836453485,183,3,False,,,
2026-05-30 12:58:53,denoising_ae_width_only,ae_width_only,187,3,10,0.9783217144905989,0.9871465042904136,denoising,ae_width_only,cand_016_d10_w3,80,0.986415836453485,183,4,False,,,
2026-05-30 12:59:04,denoising_ae_width_only,ae_width_only,188,3,10,0.9782021203641419,0.9863028105654381,denoising,ae_width_only,cand_016_d10_w3,80,0.9863028105654381,188,0,True,,,
2026-05-30 12:59:15,denoising_ae_width_only,ae_width_only,189,3,10,0.9780990485957182,0.9863201968087315,denoising,ae_width_only,cand_016_d10_w3,80,0.9863028105654381,188,1,False,,,
2026-05-30 12:59:26,denoising_ae_width_only,ae_width_only,190,3,10,0.9780150418257857,0.9861462059746252,denoising,ae_width_only,cand_016_d10_w3,80,0.9861462059746252,190,0,True,,,
2026-05-30 12:59:37,denoising_ae_width_only,ae_width_only,191,3,10,0.9780003233668506,0.9860127109594574,denoising,ae_width_only,cand_016_d10_w3,80,0.9860127109594574,191,0,True,,,
2026-05-30 12:59:48,denoising_ae_width_only,ae_width_only,192,3,10,0.9779403601752786,0.986185011782705,denoising,ae_width_only,cand_016_d10_w3,80,0.9860127109594574,191,1,False,,,
2026-05-30 12:59:59,denoising_ae_width_only,ae_width_only,193,3,10,0.9779560869692248,0.9886524647382473,denoising,ae_width_only,cand_016_d10_w3,80,0.9860127109594574,191,2,False,,,
2026-05-30 13:00:10,denoising_ae_width_only,ae_width_only,194,3,10,0.9778722618387441,0.9887408788065781,denoising,ae_width_only,cand_016_d10_w3,80,0.9860127109594574,191,3,False,,,
2026-05-30 13:00:21,denoising_ae_width_only,ae_width_only,195,3,10,0.9778292021210049,0.9858484925336328,denoising,ae_width_only,cand_016_d10_w3,80,0.9858484925336328,195,0,True,,,
2026-05-30 13:00:32,denoising_ae_width_only,ae_width_only,196,3,10,0.9777888590896456,0.9859606600690406,denoising,ae_width_only,cand_016_d10_w3,80,0.9858484925336328,195,1,False,,,
2026-05-30 13:00:43,denoising_ae_width_only,ae_width_only,197,3,10,0.9773734658349338,0.9847910154485651,denoising,ae_width_only,cand_016_d10_w3,80,0.9847910154485651,197,0,True,,,
2026-05-30 13:00:54,denoising_ae_width_only,ae_width_only,198,3,10,0.9757528937790594,0.9848989761595254,denoising,ae_width_only,cand_016_d10_w3,80,0.9847910154485651,197,1,False,,,
2026-05-30 13:01:05,denoising_ae_width_only,ae_width_only,199,3,10,0.9734499465552099,0.9824045221993637,denoising,ae_width_only,cand_016_d10_w3,80,0.9824045221993637,199,0,True,,,
2026-05-30 13:01:16,denoising_ae_width_only,ae_width_only,200,3,10,0.9716228829493804,0.9788751253701986,denoising,ae_width_only,cand_016_d10_w3,80,0.9788751253701986,200,0,True,,,
2026-05-30 13:01:26,denoising_ae_width_only,ae_width_only,201,3,10,0.9698542142765332,0.9799041114966165,denoising,ae_width_only,cand_016_d10_w3,80,0.9788751253701986,200,1,False,,,
2026-05-30 13:01:37,denoising_ae_width_only,ae_width_only,202,3,10,0.9686974820083083,0.9765666386844825,denoising,ae_width_only,cand_016_d10_w3,80,0.9765666386844825,202,0,True,,,
2026-05-30 13:01:48,denoising_ae_width_only,ae_width_only,203,3,10,0.9675673924402691,0.9749110289962749,denoising,ae_width_only,cand_016_d10_w3,80,0.9749110289962749,203,0,True,,,
2026-05-30 13:01:59,denoising_ae_width_only,ae_width_only,204,3,10,0.9666160732324972,0.9776057639117249,denoising,ae_width_only,cand_016_d10_w3,80,0.9749110289962749,203,1,False,,,
2026-05-30 13:02:10,denoising_ae_width_only,ae_width_only,205,3,10,0.9659938622945937,0.9757953742379726,denoising,ae_width_only,cand_016_d10_w3,80,0.9749110289962749,203,2,False,,,
2026-05-30 13:02:21,denoising_ae_width_only,ae_width_only,206,3,10,0.9655508971696969,0.9853223142214617,denoising,ae_width_only,cand_016_d10_w3,80,0.9749110289962749,203,3,False,,,
2026-05-30 13:02:32,denoising_ae_width_only,ae_width_only,207,3,10,0.9654437234558098,0.9945106897361758,denoising,ae_width_only,cand_016_d10_w3,80,0.9749110289962749,203,4,False,,,
2026-05-30 13:02:42,denoising_ae_width_only,ae_width_only,208,3,10,0.9655099295489578,0.9748778693035969,denoising,ae_width_only,cand_016_d10_w3,80,0.9749110289962749,203,5,False,,,
2026-05-30 13:02:54,denoising_ae_width_only,ae_width_only,209,3,10,0.9650328441340301,0.9728520625099373,denoising,ae_width_only,cand_016_d10_w3,80,0.9728520625099373,209,0,True,,,
2026-05-30 13:03:04,denoising_ae_width_only,ae_width_only,210,3,10,0.9643690670681211,0.9721784489722866,denoising,ae_width_only,cand_016_d10_w3,80,0.9721784489722866,210,0,True,,,
2026-05-30 13:03:15,denoising_ae_width_only,ae_width_only,211,3,10,0.9639740550577793,0.9724117263658382,denoising,ae_width_only,cand_016_d10_w3,80,0.9721784489722866,210,1,False,,,
2026-05-30 13:03:26,denoising_ae_width_only,ae_width_only,212,3,10,0.9640372304384363,0.973316372503699,denoising,ae_width_only,cand_016_d10_w3,80,0.9721784489722866,210,2,False,,,
2026-05-30 13:03:37,denoising_ae_width_only,ae_width_only,213,3,10,0.9635123918074492,0.9721490653750675,denoising,ae_width_only,cand_016_d10_w3,80,0.9721784489722866,210,3,False,,,
2026-05-30 13:03:48,denoising_ae_width_only,ae_width_only,214,3,10,0.963194637438257,0.9709699368904045,denoising,ae_width_only,cand_016_d10_w3,80,0.9709699368904045,214,0,True,,,
2026-05-30 13:03:59,denoising_ae_width_only,ae_width_only,215,3,10,0.962874782478329,0.9714879509645621,denoising,ae_width_only,cand_016_d10_w3,80,0.9709699368904045,214,1,False,,,
2026-05-30 13:04:10,denoising_ae_width_only,ae_width_only,216,3,10,0.9626602351651391,0.9704690144699359,denoising,ae_width_only,cand_016_d10_w3,80,0.9704690144699359,216,0,True,,,
2026-05-30 13:04:21,denoising_ae_width_only,ae_width_only,217,3,10,0.9623977350364369,0.9707802010997003,denoising,ae_width_only,cand_016_d10_w3,80,0.9704690144699359,216,1,False,,,
2026-05-30 13:04:32,denoising_ae_width_only,ae_width_only,218,3,10,0.9621980046098002,0.9721147000766047,denoising,ae_width_only,cand_016_d10_w3,80,0.9704690144699359,216,2,False,,,
2026-05-30 13:04:43,denoising_ae_width_only,ae_width_only,219,3,10,0.9620431267169556,0.9705052585257603,denoising,ae_width_only,cand_016_d10_w3,80,0.9704690144699359,216,3,False,,,
2026-05-30 13:04:54,denoising_ae_width_only,ae_width_only,220,3,10,0.9617927440936629,0.9709385232144433,denoising,ae_width_only,cand_016_d10_w3,80,0.9704690144699359,216,4,False,,,
2026-05-30 13:05:05,denoising_ae_width_only,ae_width_only,221,3,10,0.9616155842354837,0.969458330343583,denoising,ae_width_only,cand_016_d10_w3,80,0.969458330343583,221,0,True,,,
2026-05-30 13:05:16,denoising_ae_width_only,ae_width_only,222,3,10,0.9614158097341609,0.9693692888102082,denoising,ae_width_only,cand_016_d10_w3,80,0.969458330343583,221,1,False,,,
2026-05-30 13:05:27,denoising_ae_width_only,ae_width_only,223,3,10,0.9613616886133479,0.9702685261689431,denoising,ae_width_only,cand_016_d10_w3,80,0.969458330343583,221,2,False,,,
2026-05-30 13:05:37,denoising_ae_width_only,ae_width_only,224,3,10,0.9612923717450563,0.9691128532061,denoising,ae_width_only,cand_016_d10_w3,80,0.9691128532061,224,0,True,,,
2026-05-30 13:05:48,denoising_ae_width_only,ae_width_only,225,3,10,0.9610232042862614,0.9689289444046988,denoising,ae_width_only,cand_016_d10_w3,80,0.9689289444046988,225,0,True,,,
2026-05-30 13:06:00,denoising_ae_width_only,ae_width_only,226,3,10,0.9608551232066054,0.9689345155939404,denoising,ae_width_only,cand_016_d10_w3,80,0.9689289444046988,225,1,False,,,
2026-05-30 13:06:10,denoising_ae_width_only,ae_width_only,227,3,10,0.9607117621914193,0.9687242808117271,denoising,ae_width_only,cand_016_d10_w3,80,0.9687242808117271,227,0,True,,,
2026-05-30 13:06:22,denoising_ae_width_only,ae_width_only,228,3,10,0.9606102213115081,0.9685328917510251,denoising,ae_width_only,cand_016_d10_w3,80,0.9685328917510251,228,0,True,,,
2026-05-30 13:06:33,denoising_ae_width_only,ae_width_only,229,3,10,0.9604988159409812,0.9685224783196715,denoising,ae_width_only,cand_016_d10_w3,80,0.9685328917510251,228,1,False,,,
2026-05-30 13:06:41,denoising_ae_width_only,ae_width_only,230,3,10,0.9603980919897822,0.9688581442757442,denoising,ae_width_only,cand_016_d10_w3,80,0.9685328917510251,228,2,False,,,
2026-05-30 13:06:49,denoising_ae_width_only,ae_width_only,231,3,10,0.9602859039101568,0.9683945992600641,denoising,ae_width_only,cand_016_d10_w3,80,0.9683945992600641,231,0,True,,,
2026-05-30 13:06:57,denoising_ae_width_only,ae_width_only,232,3,10,0.9601719610754829,0.9680618061984222,denoising,ae_width_only,cand_016_d10_w3,80,0.9680618061984222,232,0,True,,,
2026-05-30 13:07:05,denoising_ae_width_only,ae_width_only,233,3,10,0.9600423150194284,0.9680498304628624,denoising,ae_width_only,cand_016_d10_w3,80,0.9680618061984222,232,1,False,,,
2026-05-30 13:07:13,denoising_ae_width_only,ae_width_only,234,3,10,0.959941144472853,0.9679246476401507,denoising,ae_width_only,cand_016_d10_w3,80,0.9679246476401507,234,0,True,,,
2026-05-30 13:07:21,denoising_ae_width_only,ae_width_only,235,3,10,0.9598324587740034,0.9677474114433673,denoising,ae_width_only,cand_016_d10_w3,80,0.9677474114433673,235,0,True,,,
2026-05-30 13:07:29,denoising_ae_width_only,ae_width_only,236,3,10,0.9597475036802079,0.9678620966264043,denoising,ae_width_only,cand_016_d10_w3,80,0.9677474114433673,235,1,False,,,
2026-05-30 13:07:37,denoising_ae_width_only,ae_width_only,237,3,10,0.9596352816176895,0.9675683188954638,denoising,ae_width_only,cand_016_d10_w3,80,0.9675683188954638,237,0,True,,,
2026-05-30 13:07:45,denoising_ae_width_only,ae_width_only,238,3,10,0.9595678242583818,0.9675191377428456,denoising,ae_width_only,cand_016_d10_w3,80,0.9675683188954638,237,1,False,,,
2026-05-30 13:07:53,denoising_ae_width_only,ae_width_only,239,3,10,0.9594832613247043,0.9674130655248465,denoising,ae_width_only,cand_016_d10_w3,80,0.9674130655248465,239,0,True,,,
2026-05-30 13:08:01,denoising_ae_width_only,ae_width_only,240,3,10,0.9594060784965464,0.9673666507003127,denoising,ae_width_only,cand_016_d10_w3,80,0.9674130655248465,239,1,False,,,
2026-05-30 13:08:08,denoising_ae_width_only,ae_width_only,241,3,10,0.9593374020976733,0.967540237727595,denoising,ae_width_only,cand_016_d10_w3,80,0.9674130655248465,239,2,False,,,
2026-05-30 13:08:16,denoising_ae_width_only,ae_width_only,242,3,10,0.9592478983853279,0.9675003672952679,denoising,ae_width_only,cand_016_d10_w3,80,0.9674130655248465,239,3,False,,,
2026-05-30 13:08:24,denoising_ae_width_only,ae_width_only,243,3,10,0.9591989669074819,0.9671624363924443,denoising,ae_width_only,cand_016_d10_w3,80,0.9671624363924443,243,0,True,,,
2026-05-30 13:08:32,denoising_ae_width_only,ae_width_only,244,3,10,0.9591038086295284,0.9673012423834574,denoising,ae_width_only,cand_016_d10_w3,80,0.9671624363924443,243,1,False,,,
2026-05-30 13:08:40,denoising_ae_width_only,ae_width_only,245,3,10,0.9590469781268252,0.9674963082436824,denoising,ae_width_only,cand_016_d10_w3,80,0.9671624363924443,243,2,False,,,
2026-05-30 13:08:47,denoising_ae_width_only,ae_width_only,246,3,10,0.9589977731446909,0.9671702620716436,denoising,ae_width_only,cand_016_d10_w3,80,0.9671624363924443,243,3,False,,,
2026-05-30 13:08:57,denoising_ae_width_only,ae_width_only,247,3,10,0.9589371604783095,0.9673931758751879,denoising,ae_width_only,cand_016_d10_w3,80,0.9671624363924443,243,4,False,,,
2026-05-30 13:09:08,denoising_ae_width_only,ae_width_only,248,3,10,0.9588915609553755,0.9676330783576805,denoising,ae_width_only,cand_016_d10_w3,80,0.9671624363924443,243,5,False,,,
2026-05-30 13:09:19,denoising_ae_width_only,ae_width_only,249,3,10,0.9588232824210007,0.9668150342273412,denoising,ae_width_only,cand_016_d10_w3,80,0.9668150342273412,249,0,True,,,
2026-05-30 13:09:30,denoising_ae_width_only,ae_width_only,250,3,10,0.9587627285067615,0.9668074943633956,denoising,ae_width_only,cand_016_d10_w3,80,0.9668150342273412,249,1,False,,,
2026-05-30 13:09:41,denoising_ae_width_only,ae_width_only,251,3,10,0.9587232257640674,0.9667617100620534,denoising,ae_width_only,cand_016_d10_w3,80,0.9668150342273412,249,2,False,,,
2026-05-30 13:09:51,denoising_ae_width_only,ae_width_only,252,3,10,0.9586735206525299,0.9669831164069796,denoising,ae_width_only,cand_016_d10_w3,80,0.9668150342273412,249,3,False,,,
2026-05-30 13:10:03,denoising_ae_width_only,ae_width_only,253,3,10,0.9586414728044953,0.9675856628673782,denoising,ae_width_only,cand_016_d10_w3,80,0.9668150342273412,249,4,False,,,
2026-05-30 13:10:13,denoising_ae_width_only,ae_width_only,254,3,10,0.9586881522693147,0.9678497977192021,denoising,ae_width_only,cand_016_d10_w3,80,0.9668150342273412,249,5,False,,,
2026-05-30 13:10:25,denoising_ae_width_only,ae_width_only,255,3,10,0.9586501905764291,0.9666113236357088,denoising,ae_width_only,cand_016_d10_w3,80,0.9666113236357088,255,0,True,,,
2026-05-30 13:10:36,denoising_ae_width_only,ae_width_only,256,3,10,0.9586010529686638,0.9668367060005836,denoising,ae_width_only,cand_016_d10_w3,80,0.9666113236357088,255,1,False,,,
2026-05-30 13:10:44,denoising_ae_width_only,ae_width_only,257,3,10,0.9587067696583517,0.9667242695594995,denoising,ae_width_only,cand_016_d10_w3,80,0.9666113236357088,255,2,False,,,
2026-05-30 13:10:51,denoising_ae_width_only,ae_width_only,258,3,10,0.9586167041704661,0.9667314404483195,denoising,ae_width_only,cand_016_d10_w3,80,0.9666113236357088,255,3,False,,,
2026-05-30 13:10:59,denoising_ae_width_only,ae_width_only,259,3,10,0.9584857588280489,0.9668737119373583,denoising,ae_width_only,cand_016_d10_w3,80,0.9666113236357088,255,4,False,,,
2026-05-30 13:11:07,denoising_ae_width_only,ae_width_only,260,3,10,0.9584175896681524,0.9663908516241863,denoising,ae_width_only,cand_016_d10_w3,80,0.9663908516241863,260,0,True,,,
2026-05-30 13:11:15,denoising_ae_width_only,ae_width_only,261,3,10,0.9583485443088213,0.9664879534965156,denoising,ae_width_only,cand_016_d10_w3,80,0.9663908516241863,260,1,False,,,
2026-05-30 13:11:23,denoising_ae_width_only,ae_width_only,262,3,10,0.9582721784775963,0.9666535419961556,denoising,ae_width_only,cand_016_d10_w3,80,0.9663908516241863,260,2,False,,,
2026-05-30 13:11:31,denoising_ae_width_only,ae_width_only,263,3,10,0.958248688411093,0.9664215423277419,denoising,ae_width_only,cand_016_d10_w3,80,0.9663908516241863,260,3,False,,,
2026-05-30 13:11:38,denoising_ae_width_only,ae_width_only,264,3,10,0.9582077048136264,0.9662405871175057,denoising,ae_width_only,cand_016_d10_w3,80,0.9662405871175057,264,0,True,,,
2026-05-30 13:11:46,denoising_ae_width_only,ae_width_only,265,3,10,0.9582070396383064,0.9662690732206662,denoising,ae_width_only,cand_016_d10_w3,80,0.9662405871175057,264,1,False,,,
2026-05-30 13:11:54,denoising_ae_width_only,ae_width_only,266,3,10,0.9582114665716164,0.9661794428127698,denoising,ae_width_only,cand_016_d10_w3,80,0.9662405871175057,264,2,False,,,
2026-05-30 13:12:02,denoising_ae_width_only,ae_width_only,267,3,10,0.9581705597016813,0.9666013561953584,denoising,ae_width_only,cand_016_d10_w3,80,0.9662405871175057,264,3,False,,,
2026-05-30 13:12:11,denoising_ae_width_only,ae_width_only,268,3,10,0.9581307711316269,0.9663342398248423,denoising,ae_width_only,cand_016_d10_w3,80,0.9662405871175057,264,4,False,,,
2026-05-30 13:12:22,denoising_ae_width_only,ae_width_only,269,3,10,0.9580969664911552,0.966174850702733,denoising,ae_width_only,cand_016_d10_w3,80,0.9662405871175057,264,5,False,,,
2026-05-30 13:12:33,denoising_ae_width_only,ae_width_only,270,3,10,0.9580771887780201,0.9664532009807318,denoising,ae_width_only,cand_016_d10_w3,80,0.9662405871175057,264,6,False,,,
2026-05-30 13:12:44,denoising_ae_width_only,ae_width_only,271,3,10,0.9580428800408282,0.9674361361026953,denoising,ae_width_only,cand_016_d10_w3,80,0.9662405871175057,264,7,False,,,
2026-05-30 13:12:55,denoising_ae_width_only,ae_width_only,272,3,10,0.9579948842767845,0.9665782445412807,denoising,ae_width_only,cand_016_d10_w3,80,0.9662405871175057,264,8,False,,,
2026-05-30 13:13:06,denoising_ae_width_only,ae_width_only,273,3,10,0.9579595503255968,0.9659869122124791,denoising,ae_width_only,cand_016_d10_w3,80,0.9659869122124791,273,0,True,,,
2026-05-30 13:13:17,denoising_ae_width_only,ae_width_only,274,3,10,0.9579079393632045,0.9660179687550456,denoising,ae_width_only,cand_016_d10_w3,80,0.9659869122124791,273,1,False,,,
2026-05-30 13:13:28,denoising_ae_width_only,ae_width_only,275,3,10,0.9578928395407209,0.9660232899312142,denoising,ae_width_only,cand_016_d10_w3,80,0.9659869122124791,273,2,False,,,
2026-05-30 13:13:39,denoising_ae_width_only,ae_width_only,276,3,10,0.9578811974924106,0.9660809623466929,denoising,ae_width_only,cand_016_d10_w3,80,0.9659869122124791,273,3,False,,,
2026-05-30 13:13:50,denoising_ae_width_only,ae_width_only,277,3,10,0.9578397934506712,0.9667217770767028,denoising,ae_width_only,cand_016_d10_w3,80,0.9659869122124791,273,4,False,,,
2026-05-30 13:14:02,denoising_ae_width_only,ae_width_only,278,3,10,0.9577970210493505,0.966084806811914,denoising,ae_width_only,cand_016_d10_w3,80,0.9659869122124791,273,5,False,,,
2026-05-30 13:14:13,denoising_ae_width_only,ae_width_only,279,3,10,0.9577732352878476,0.9659325813174472,denoising,ae_width_only,cand_016_d10_w3,80,0.9659869122124791,273,6,False,,,
2026-05-30 13:14:24,denoising_ae_width_only,ae_width_only,280,3,10,0.95776362777082,0.9659824395887195,denoising,ae_width_only,cand_016_d10_w3,80,0.9659869122124791,273,7,False,,,
2026-05-30 13:14:33,denoising_ae_width_only,ae_width_only,281,3,10,0.9577331421230677,0.9661272430435925,denoising,ae_width_only,cand_016_d10_w3,80,0.9659869122124791,273,8,False,,,
2026-05-30 13:14:41,denoising_ae_width_only,ae_width_only,282,3,10,0.9577072274879566,0.9664802146467604,denoising,ae_width_only,cand_016_d10_w3,80,0.9659869122124791,273,9,False,,,
2026-05-30 13:14:49,denoising_ae_width_only,ae_width_only,283,3,10,0.9576599549796833,0.9661314556919599,denoising,ae_width_only,cand_016_d10_w3,80,0.9659869122124791,273,10,False,,,
