timestamp,model,mode,epoch,width,depth,train_loss,val_loss,task,phase,candidate_dir,neurons,best_val,best_epoch,es_counter,improved,train_acc,val_acc,throughput
2026-06-16 08:48:06,classification_stl_ablation_r05_d03_w0048_48_48_48,stl_ablation_r05_d03_w0048_48_48_48,1,48,3,1.1982397755063168,0.8494182624672615,classification,stl_ablation_r05_d03_w0048_48_48_48,cand_000_d3_w48,151,0.8494182624672615,1,0,True,0.6032615477291796,0.705839830639748,
2026-06-16 08:48:39,classification_stl_ablation_r05_d03_w0048_48_48_48,stl_ablation_r05_d03_w0048_48_48_48,2,48,3,0.6935547990883174,0.6365546520699182,classification,stl_ablation_r05_d03_w0048_48_48_48,cand_000_d3_w48,151,0.6365546520699182,2,0,True,0.7248596200598094,0.7398151494810761,
2026-06-16 08:49:16,classification_stl_ablation_r05_d03_w0048_48_48_48,stl_ablation_r05_d03_w0048_48_48_48,3,48,3,0.6098086366418825,0.5837687897024806,classification,stl_ablation_r05_d03_w0048_48_48_48,cand_000_d3_w48,151,0.5837687897024806,3,0,True,0.7476151545792905,0.7534293729884167,
2026-06-16 08:49:46,classification_stl_ablation_r05_d03_w0048_48_48_48,stl_ablation_r05_d03_w0048_48_48_48,4,48,3,0.5660241570328274,0.5471336647507303,classification,stl_ablation_r05_d03_w0048_48_48_48,cand_000_d3_w48,151,0.5471336647507303,4,0,True,0.760685011079796,0.7674222474656203,
2026-06-16 08:50:24,classification_stl_ablation_r05_d03_w0048_48_48_48,stl_ablation_r05_d03_w0048_48_48_48,5,48,3,0.5349528433800523,0.5203333471995438,classification,stl_ablation_r05_d03_w0048_48_48_48,cand_000_d3_w48,151,0.5203333471995438,5,0,True,0.7727501559777114,0.777886783360011,
2026-06-16 08:51:02,classification_stl_ablation_r05_d03_w0048_48_48_48,stl_ablation_r05_d03_w0048_48_48_48,6,48,3,0.5110728484720831,0.5002136232669262,classification,stl_ablation_r05_d03_w0048_48_48_48,cand_000_d3_w48,151,0.5002136232669262,6,0,True,0.7824293797465631,0.7863375845510404,
2026-06-16 08:51:32,classification_stl_ablation_r05_d03_w0048_48_48_48,stl_ablation_r05_d03_w0048_48_48_48,7,48,3,0.4918029302571625,0.48373254158017115,classification,stl_ablation_r05_d03_w0048_48_48_48,cand_000_d3_w48,151,0.48373254158017115,7,0,True,0.7910436522450033,0.7934114731243869,
2026-06-16 08:52:10,classification_stl_ablation_r05_d03_w0048_48_48_48,stl_ablation_r05_d03_w0048_48_48_48,8,48,3,0.4775816260710407,0.47094148210171316,classification,stl_ablation_r05_d03_w0048_48_48_48,cand_000_d3_w48,151,0.47094148210171316,8,0,True,0.797865794625761,0.8013975663069483,
2026-06-16 08:52:42,classification_stl_ablation_r05_d03_w0048_48_48_48,stl_ablation_r05_d03_w0048_48_48_48,9,48,3,0.4646575170445957,0.4647729068343601,classification,stl_ablation_r05_d03_w0048_48_48_48,cand_000_d3_w48,151,0.4647729068343601,9,0,True,0.8043630730836255,0.8037038949415672,
2026-06-16 08:53:19,classification_stl_ablation_r05_d03_w0048_48_48_48,stl_ablation_r05_d03_w0048_48_48_48,10,48,3,0.45474516119161096,0.4488386307324303,classification,stl_ablation_r05_d03_w0048_48_48_48,cand_000_d3_w48,151,0.4488386307324303,10,0,True,0.8089434392547492,0.813239014819022,
2026-06-16 08:53:50,classification_stl_ablation_r05_d03_w0048_48_48_48,stl_ablation_r05_d03_w0048_48_48_48,11,48,3,0.44429318506041987,0.4422815345616655,classification,stl_ablation_r05_d03_w0048_48_48_48,cand_000_d3_w48,151,0.4422815345616655,11,0,True,0.8146834190314322,0.8148396757370785,
2026-06-16 08:54:29,classification_stl_ablation_r05_d03_w0048_48_48_48,stl_ablation_r05_d03_w0048_48_48_48,12,48,3,0.4372893982662889,0.4360335700915226,classification,stl_ablation_r05_d03_w0048_48_48_48,cand_000_d3_w48,151,0.4360335700915226,12,0,True,0.8179535724274435,0.8193146417445483,
2026-06-16 08:54:59,classification_stl_ablation_r05_d03_w0048_48_48_48,stl_ablation_r05_d03_w0048_48_48_48,13,48,3,0.4301434758715836,0.4273774449599511,classification,stl_ablation_r05_d03_w0048_48_48_48,cand_000_d3_w48,151,0.4273774449599511,13,0,True,0.8219960844215917,0.8233421111512711,
2026-06-16 08:55:38,classification_stl_ablation_r05_d03_w0048_48_48_48,stl_ablation_r05_d03_w0048_48_48_48,14,48,3,0.4238073204332635,0.42482622554929195,classification,stl_ablation_r05_d03_w0048_48_48_48,cand_000_d3_w48,151,0.42482622554929195,14,0,True,0.8242335577978098,0.8235314366362024,
2026-06-16 08:56:11,classification_stl_ablation_r05_d03_w0048_48_48_48,stl_ablation_r05_d03_w0048_48_48_48,15,48,3,0.418344710929646,0.41797606267772486,classification,stl_ablation_r05_d03_w0048_48_48_48,cand_000_d3_w48,151,0.41797606267772486,15,0,True,0.8268066521804608,0.8263885303178947,
2026-06-16 08:56:48,classification_stl_ablation_r05_d03_w0048_48_48_48,stl_ablation_r05_d03_w0048_48_48_48,16,48,3,0.4133399310015516,0.4128303444197177,classification,stl_ablation_r05_d03_w0048_48_48_48,cand_000_d3_w48,151,0.4128303444197177,16,0,True,0.8294270777306857,0.8288497616220031,
2026-06-16 08:57:27,classification_stl_ablation_r05_d03_w0048_48_48_48,stl_ablation_r05_d03_w0048_48_48_48,17,48,3,0.40849861418089617,0.4129330323539817,classification,stl_ablation_r05_d03_w0048_48_48_48,cand_000_d3_w48,151,0.4128303444197177,16,1,False,0.8315161033540587,0.8293661038536342,
2026-06-16 08:58:04,classification_stl_ablation_r05_d03_w0048_48_48_48,stl_ablation_r05_d03_w0048_48_48_48,18,48,3,0.4068103492344614,0.40765491736878817,classification,stl_ablation_r05_d03_w0048_48_48_48,cand_000_d3_w48,151,0.40765491736878817,18,0,True,0.8322303737010822,0.8314314727801587,
2026-06-16 08:58:42,classification_stl_ablation_r05_d03_w0048_48_48_48,stl_ablation_r05_d03_w0048_48_48_48,19,48,3,0.4053751620249495,0.40338316102762095,classification,stl_ablation_r05_d03_w0048_48_48_48,cand_000_d3_w48,151,0.40338316102762095,19,0,True,0.8321937996170479,0.8345811603931086,
2026-06-16 08:59:21,classification_stl_ablation_r05_d03_w0048_48_48_48,stl_ablation_r05_d03_w0048_48_48_48,20,48,3,0.3989367739716115,0.4009942861127024,classification,stl_ablation_r05_d03_w0048_48_48_48,cand_000_d3_w48,151,0.4009942861127024,20,0,True,0.8364062735311203,0.8346500060239928,
2026-06-16 08:59:51,classification_stl_ablation_r05_d03_w0048_48_48_48,stl_ablation_r05_d03_w0048_48_48_48,21,48,3,0.3990820477816748,0.39520882173857935,classification,stl_ablation_r05_d03_w0048_48_48_48,cand_000_d3_w48,151,0.39520882173857935,21,0,True,0.8354983756803855,0.8392970861086728,
2026-06-16 09:00:28,classification_stl_ablation_r05_d03_w0048_48_48_48,stl_ablation_r05_d03_w0048_48_48_48,22,48,3,0.3963821880597773,0.40493507403134993,classification,stl_ablation_r05_d03_w0048_48_48_48,cand_000_d3_w48,151,0.39520882173857935,21,1,False,0.8367440459542609,0.8337550128224988,
2026-06-16 09:01:11,classification_stl_ablation_r05_d03_w0048_48_48_48,stl_ablation_r05_d03_w0048_48_48_48,23,48,3,0.39411243435625126,0.3960318312094307,classification,stl_ablation_r05_d03_w0048_48_48_48,cand_000_d3_w48,151,0.39520882173857935,21,2,False,0.8380951356468235,0.8348565429166451,
2026-06-16 09:01:44,classification_stl_ablation_r05_d03_w0048_48_48_48,stl_ablation_r05_d03_w0048_48_48_48,24,48,3,0.39229258794961613,0.3909560563876127,classification,stl_ablation_r05_d03_w0048_48_48_48,cand_000_d3_w48,151,0.3909560563876127,24,0,True,0.8394074998386437,0.8395552572244884,
2026-06-16 09:02:26,classification_stl_ablation_r05_d03_w0048_48_48_48,stl_ablation_r05_d03_w0048_48_48_48,25,48,3,0.3904230544595371,0.3931756670836198,classification,stl_ablation_r05_d03_w0048_48_48_48,cand_000_d3_w48,151,0.3909560563876127,24,1,False,0.8397839977625267,0.8388323781002048,
2026-06-16 09:03:05,classification_stl_ablation_r05_d03_w0048_48_48_48,stl_ablation_r05_d03_w0048_48_48_48,26,48,3,0.388334733101185,0.39037949665930777,classification,stl_ablation_r05_d03_w0048_48_48_48,cand_000_d3_w48,151,0.39037949665930777,26,0,True,0.8410791506206837,0.8383848814994579,
2026-06-16 09:03:43,classification_stl_ablation_r05_d03_w0048_48_48_48,stl_ablation_r05_d03_w0048_48_48_48,27,48,3,0.38618671757811585,0.38926107522477027,classification,stl_ablation_r05_d03_w0048_48_48_48,cand_000_d3_w48,151,0.38926107522477027,27,0,True,0.8416471246315699,0.8391421834391835,
2026-06-16 09:04:19,classification_stl_ablation_r05_d03_w0048_48_48_48,stl_ablation_r05_d03_w0048_48_48_48,28,48,3,0.3846023795572955,0.3961774249949539,classification,stl_ablation_r05_d03_w0048_48_48_48,cand_000_d3_w48,151,0.38926107522477027,27,1,False,0.8420386824724081,0.8377996936369425,
2026-06-16 09:04:58,classification_stl_ablation_r05_d03_w0048_48_48_48,stl_ablation_r05_d03_w0048_48_48_48,29,48,3,0.3832747932433805,0.3837000325129029,classification,stl_ablation_r05_d03_w0048_48_48_48,cand_000_d3_w48,151,0.3837000325129029,29,0,True,0.842677653234655,0.8413624550351974,
2026-06-16 09:05:34,classification_stl_ablation_r05_d03_w0048_48_48_48,stl_ablation_r05_d03_w0048_48_48_48,30,48,3,0.3769436500971197,0.38168753258006444,classification,stl_ablation_r05_d03_w0048_48_48_48,cand_000_d3_w48,151,0.38168753258006444,30,0,True,0.846724468062219,0.8447014681330786,
2026-06-16 09:06:13,classification_stl_ablation_r05_d03_w0048_48_48_48,stl_ablation_r05_d03_w0048_48_48_48,31,48,3,0.3759424570738783,0.37717857139773,classification,stl_ablation_r05_d03_w0048_48_48_48,cand_000_d3_w48,151,0.37717857139773,31,0,True,0.8466470170607345,0.846732414244161,
2026-06-16 09:06:42,classification_stl_ablation_r05_d03_w0048_48_48_48,stl_ablation_r05_d03_w0048_48_48_48,32,48,3,0.37178293933636253,0.378724371342997,classification,stl_ablation_r05_d03_w0048_48_48_48,cand_000_d3_w48,151,0.37717857139773,31,1,False,0.8485940491813859,0.8429114817300907,
2026-06-16 09:07:30,classification_stl_ablation_r05_d03_w0048_48_48_48,stl_ablation_r05_d03_w0048_48_48_48,33,48,3,0.36913807643139257,0.371314694611284,classification,stl_ablation_r05_d03_w0048_48_48_48,cand_000_d3_w48,151,0.371314694611284,33,0,True,0.8494244960306362,0.8489526858401749,
2026-06-16 09:08:07,classification_stl_ablation_r05_d03_w0048_48_48_48,stl_ablation_r05_d03_w0048_48_48_48,34,48,3,0.36631611937223046,0.3679948767978282,classification,stl_ablation_r05_d03_w0048_48_48_48,cand_000_d3_w48,151,0.3679948767978282,34,0,True,0.8510294528947312,0.8487289375398014,
2026-06-16 09:08:46,classification_stl_ablation_r05_d03_w0048_48_48_48,stl_ablation_r05_d03_w0048_48_48_48,35,48,3,0.36444026425040676,0.366487472843187,classification,stl_ablation_r05_d03_w0048_48_48_48,cand_000_d3_w48,151,0.366487472843187,35,0,True,0.8521804608334589,0.8496411421490163,
2026-06-16 09:09:17,classification_stl_ablation_r05_d03_w0048_48_48_48,stl_ablation_r05_d03_w0048_48_48_48,36,48,3,0.3648115615777942,0.37185935730187386,classification,stl_ablation_r05_d03_w0048_48_48_48,cand_000_d3_w48,151,0.366487472843187,35,1,False,0.8515716099051225,0.8474036591452815,
2026-06-16 09:09:56,classification_stl_ablation_r05_d03_w0048_48_48_48,stl_ablation_r05_d03_w0048_48_48_48,37,48,3,0.3653051106236185,0.36441340190012467,classification,stl_ablation_r05_d03_w0048_48_48_48,cand_000_d3_w48,151,0.36441340190012467,37,0,True,0.850747617305996,0.8500370045266002,
2026-06-16 09:10:35,classification_stl_ablation_r05_d03_w0048_48_48_48,stl_ablation_r05_d03_w0048_48_48_48,38,48,3,0.362758528021239,0.37288494316186166,classification,stl_ablation_r05_d03_w0048_48_48_48,cand_000_d3_w48,151,0.36441340190012467,37,1,False,0.8523676340870463,0.8479027899691916,
2026-06-16 09:11:13,classification_stl_ablation_r05_d03_w0048_48_48_48,stl_ablation_r05_d03_w0048_48_48_48,39,48,3,0.36256973566039213,0.3682986375696739,classification,stl_ablation_r05_d03_w0048_48_48_48,cand_000_d3_w48,151,0.36441340190012467,37,2,False,0.8526451668423657,0.8482470181236124,
2026-06-16 09:11:52,classification_stl_ablation_r05_d03_w0048_48_48_48,stl_ablation_r05_d03_w0048_48_48_48,40,48,3,0.3613079425147626,0.35840511785513995,classification,stl_ablation_r05_d03_w0048_48_48_48,cand_000_d3_w48,151,0.35840511785513995,40,0,True,0.8527097093436028,0.8539095712638337,
2026-06-16 09:12:30,classification_stl_ablation_r05_d03_w0048_48_48_48,stl_ablation_r05_d03_w0048_48_48_48,41,48,3,0.3600745716822265,0.3672224995614994,classification,stl_ablation_r05_d03_w0048_48_48_48,cand_000_d3_w48,151,0.35840511785513995,40,1,False,0.8533938598567157,0.8502779642346947,
2026-06-16 09:13:15,classification_stl_ablation_r05_d03_w0048_48_48_48,stl_ablation_r05_d03_w0048_48_48_48,42,48,3,0.35968996494657746,0.36093161168062504,classification,stl_ablation_r05_d03_w0048_48_48_48,cand_000_d3_w48,151,0.35840511785513995,40,2,False,0.8535293991093135,0.8514999741828884,
2026-06-16 09:14:01,classification_stl_ablation_r05_d03_w0048_48_48_48,stl_ablation_r05_d03_w0048_48_48_48,43,48,3,0.35842166309543294,0.35343901650453935,classification,stl_ablation_r05_d03_w0048_48_48_48,cand_000_d3_w48,151,0.35343901650453935,43,0,True,0.854069404702997,0.8574206984389253,
2026-06-16 09:14:39,classification_stl_ablation_r05_d03_w0048_48_48_48,stl_ablation_r05_d03_w0048_48_48_48,44,48,3,0.35760105093639943,0.36786822620522486,classification,stl_ablation_r05_d03_w0048_48_48_48,cand_000_d3_w48,151,0.35343901650453935,43,1,False,0.8544050257094297,0.8497960448185057,
2026-06-16 09:15:18,classification_stl_ablation_r05_d03_w0048_48_48_48,stl_ablation_r05_d03_w0048_48_48_48,45,48,3,0.35597864193797935,0.35792731993020016,classification,stl_ablation_r05_d03_w0048_48_48_48,cand_000_d3_w48,151,0.35343901650453935,43,2,False,0.8553667089778619,0.8523089103457772,
2026-06-16 09:15:48,classification_stl_ablation_r05_d03_w0048_48_48_48,stl_ablation_r05_d03_w0048_48_48_48,46,48,3,0.3517593658672384,0.3541050506557106,classification,stl_ablation_r05_d03_w0048_48_48_48,cand_000_d3_w48,151,0.35343901650453935,43,3,False,0.857584819603709,0.8547701416498855,
2026-06-16 09:16:32,classification_stl_ablation_r05_d03_w0048_48_48_48,stl_ablation_r05_d03_w0048_48_48_48,47,48,3,0.3508929264592631,0.3519004087289437,classification,stl_ablation_r05_d03_w0048_48_48_48,cand_000_d3_w48,151,0.3519004087289437,47,0,True,0.857894623609647,0.857283007177157,
2026-06-16 09:17:17,classification_stl_ablation_r05_d03_w0048_48_48_48,stl_ablation_r05_d03_w0048_48_48_48,48,48,3,0.34987747925406715,0.3510032758903828,classification,stl_ablation_r05_d03_w0048_48_48_48,cand_000_d3_w48,151,0.3510032758903828,48,0,True,0.8580817968632345,0.856801087760968,
2026-06-16 09:17:48,classification_stl_ablation_r05_d03_w0048_48_48_48,stl_ablation_r05_d03_w0048_48_48_48,49,48,3,0.34610242351361603,0.3469457287186897,classification,stl_ablation_r05_d03_w0048_48_48_48,cand_000_d3_w48,151,0.3469457287186897,49,0,True,0.8600180719003464,0.8596409700349391,
2026-06-16 09:18:32,classification_stl_ablation_r05_d03_w0048_48_48_48,stl_ablation_r05_d03_w0048_48_48_48,50,48,3,0.3484707717112662,0.35717851605389245,classification,stl_ablation_r05_d03_w0048_48_48_48,cand_000_d3_w48,151,0.3469457287186897,49,1,False,0.8585701684559283,0.8542021651950913,
2026-06-16 09:19:09,classification_stl_ablation_r05_d03_w0048_48_48_48,stl_ablation_r05_d03_w0048_48_48_48,51,48,3,0.349555497625009,0.34826273884790243,classification,stl_ablation_r05_d03_w0048_48_48_48,cand_000_d3_w48,151,0.3469457287186897,49,2,False,0.8579355005270971,0.8589008795029346,
2026-06-16 09:19:47,classification_stl_ablation_r05_d03_w0048_48_48_48,stl_ablation_r05_d03_w0048_48_48_48,52,48,3,0.34422475877254116,0.34710077651888754,classification,stl_ablation_r05_d03_w0048_48_48_48,cand_000_d3_w48,151,0.3469457287186897,49,3,False,0.8609388782513285,0.8577305037779039,
2026-06-16 09:20:33,classification_stl_ablation_r05_d03_w0048_48_48_48,stl_ablation_r05_d03_w0048_48_48_48,53,48,3,0.3418686859285469,0.34274606934426927,classification,stl_ablation_r05_d03_w0048_48_48_48,cand_000_d3_w48,151,0.34274606934426927,53,0,True,0.8622641509433963,0.8615686476996953,
2026-06-16 09:21:12,classification_stl_ablation_r05_d03_w0048_48_48_48,stl_ablation_r05_d03_w0048_48_48_48,54,48,3,0.34121987203633436,0.33927357671995406,classification,stl_ablation_r05_d03_w0048_48_48_48,cand_000_d3_w48,151,0.33927357671995406,54,0,True,0.8621006432735957,0.863203731433194,
2026-06-16 09:21:58,classification_stl_ablation_r05_d03_w0048_48_48_48,stl_ablation_r05_d03_w0048_48_48_48,55,48,3,0.33850707179879735,0.3488088408674041,classification,stl_ablation_r05_d03_w0048_48_48_48,cand_000_d3_w48,151,0.33927357671995406,54,1,False,0.8629848755405435,0.8585738627562348,
2026-06-16 09:22:43,classification_stl_ablation_r05_d03_w0048_48_48_48,stl_ablation_r05_d03_w0048_48_48_48,56,48,3,0.3447080632760396,0.3429424909775447,classification,stl_ablation_r05_d03_w0048_48_48_48,cand_000_d3_w48,151,0.33927357671995406,54,2,False,0.8592994987199071,0.8605703860518752,
2026-06-16 09:23:13,classification_stl_ablation_r05_d03_w0048_48_48_48,stl_ablation_r05_d03_w0048_48_48_48,57,48,3,0.3419001857205863,0.33962259156355434,classification,stl_ablation_r05_d03_w0048_48_48_48,cand_000_d3_w48,151,0.33927357671995406,54,3,False,0.8612035025064004,0.8611899967298325,
2026-06-16 09:24:01,classification_stl_ablation_r05_d03_w0048_48_48_48,stl_ablation_r05_d03_w0048_48_48_48,58,48,3,0.3405219268416433,0.34839498902251087,classification,stl_ablation_r05_d03_w0048_48_48_48,cand_000_d3_w48,151,0.33927357671995406,54,4,False,0.86165530001506,0.8575239668852516,
2026-06-16 09:24:38,classification_stl_ablation_r05_d03_w0048_48_48_48,stl_ablation_r05_d03_w0048_48_48_48,59,48,3,0.34050631788936647,0.33844106375983374,classification,stl_ablation_r05_d03_w0048_48_48_48,cand_000_d3_w48,151,0.33844106375983374,59,0,True,0.8612831049245928,0.8631004629868677,
2026-06-16 09:25:09,classification_stl_ablation_r05_d03_w0048_48_48_48,stl_ablation_r05_d03_w0048_48_48_48,60,48,3,0.3401930865167158,0.33627851862829117,classification,stl_ablation_r05_d03_w0048_48_48_48,cand_000_d3_w48,151,0.33627851862829117,60,0,True,0.8615864546804071,0.864184781673293,
2026-06-16 09:25:47,classification_stl_ablation_r05_d03_w0048_48_48_48,stl_ablation_r05_d03_w0048_48_48_48,61,48,3,0.33859451467243884,0.3473054437362927,classification,stl_ablation_r05_d03_w0048_48_48_48,cand_000_d3_w48,151,0.33627851862829117,60,1,False,0.862092037606764,0.8590213593569818,
2026-06-16 09:26:34,classification_stl_ablation_r05_d03_w0048_48_48_48,stl_ablation_r05_d03_w0048_48_48_48,62,48,3,0.33805111183738756,0.34233336443714435,classification,stl_ablation_r05_d03_w0048_48_48_48,cand_000_d3_w48,151,0.33627851862829117,60,2,False,0.8626686172844819,0.8601745236742914,
2026-06-16 09:27:11,classification_stl_ablation_r05_d03_w0048_48_48_48,stl_ablation_r05_d03_w0048_48_48_48,63,48,3,0.3381523122312957,0.3335418009718602,classification,stl_ablation_r05_d03_w0048_48_48_48,cand_000_d3_w48,151,0.3335418009718602,63,0,True,0.862399690195994,0.8652002547288342,
2026-06-16 09:27:50,classification_stl_ablation_r05_d03_w0048_48_48_48,stl_ablation_r05_d03_w0048_48_48_48,64,48,3,0.3370194509437892,0.3466927353112854,classification,stl_ablation_r05_d03_w0048_48_48_48,cand_000_d3_w48,151,0.3335418009718602,63,1,False,0.8629224844560143,0.8578337722242302,
2026-06-16 09:28:29,classification_stl_ablation_r05_d03_w0048_48_48_48,stl_ablation_r05_d03_w0048_48_48_48,65,48,3,0.3367009933149339,0.3376249391271092,classification,stl_ablation_r05_d03_w0048_48_48_48,cand_000_d3_w48,151,0.3335418009718602,63,2,False,0.8627847937867086,0.8606564430904804,
2026-06-16 09:29:07,classification_stl_ablation_r05_d03_w0048_48_48_48,stl_ablation_r05_d03_w0048_48_48_48,66,48,3,0.33572023972628157,0.33583535505521706,classification,stl_ablation_r05_d03_w0048_48_48_48,cand_000_d3_w48,151,0.3335418009718602,63,3,False,0.8636410576364536,0.8641159360424089,
2026-06-16 09:29:51,classification_stl_ablation_r05_d03_w0048_48_48_48,stl_ablation_r05_d03_w0048_48_48_48,67,48,3,0.33160980838675325,0.32962545365358276,classification,stl_ablation_r05_d03_w0048_48_48_48,cand_000_d3_w48,151,0.32962545365358276,67,0,True,0.865611755340892,0.8675410061788954,
2026-06-16 09:30:36,classification_stl_ablation_r05_d03_w0048_48_48_48,stl_ablation_r05_d03_w0048_48_48_48,68,48,3,0.33089094743517616,0.33331124268565676,classification,stl_ablation_r05_d03_w0048_48_48_48,cand_000_d3_w48,151,0.32962545365358276,67,1,False,0.8664486564402659,0.8640643018192458,
2026-06-16 09:31:23,classification_stl_ablation_r05_d03_w0048_48_48_48,stl_ablation_r05_d03_w0048_48_48_48,69,48,3,0.3292881062474432,0.33257129715458683,classification,stl_ablation_r05_d03_w0048_48_48_48,cand_000_d3_w48,151,0.32962545365358276,67,2,False,0.8664271422731868,0.8647527581280873,
2026-06-16 09:32:02,classification_stl_ablation_r05_d03_w0048_48_48_48,stl_ablation_r05_d03_w0048_48_48_48,70,48,3,0.3268209373424428,0.32579092056108516,classification,stl_ablation_r05_d03_w0048_48_48_48,cand_000_d3_w48,151,0.32579092056108516,70,0,True,0.8681719412232956,0.868246673895458,
2026-06-16 09:32:41,classification_stl_ablation_r05_d03_w0048_48_48_48,stl_ablation_r05_d03_w0048_48_48_48,71,48,3,0.32747968784354414,0.33103267171487916,classification,stl_ablation_r05_d03_w0048_48_48_48,cand_000_d3_w48,151,0.32579092056108516,70,1,False,0.8675329704610486,0.8650109292439029,
2026-06-16 09:33:21,classification_stl_ablation_r05_d03_w0048_48_48_48,stl_ablation_r05_d03_w0048_48_48_48,72,48,3,0.3250657850177052,0.3284328133691082,classification,stl_ablation_r05_d03_w0048_48_48_48,cand_000_d3_w48,151,0.32579092056108516,70,2,False,0.8686947354833158,0.8679024457410371,
2026-06-16 09:34:02,classification_stl_ablation_r05_d03_w0048_48_48_48,stl_ablation_r05_d03_w0048_48_48_48,73,48,3,0.3256164220852018,0.32731706005876826,classification,stl_ablation_r05_d03_w0048_48_48_48,cand_000_d3_w48,151,0.32579092056108516,70,3,False,0.8685742561476733,0.8674033149171271,
2026-06-16 09:34:43,classification_stl_ablation_r05_d03_w0048_48_48_48,stl_ablation_r05_d03_w0048_48_48_48,74,48,3,0.3219569161525012,0.320947710535649,classification,stl_ablation_r05_d03_w0048_48_48_48,cand_000_d3_w48,151,0.320947710535649,74,0,True,0.8700200081753835,0.8698989690366775,
2026-06-16 09:35:29,classification_stl_ablation_r05_d03_w0048_48_48_48,stl_ablation_r05_d03_w0048_48_48_48,75,48,3,0.32351053955555936,0.3356417229805622,classification,stl_ablation_r05_d03_w0048_48_48_48,cand_000_d3_w48,151,0.320947710535649,74,1,False,0.8691164131580645,0.8626873892015628,
2026-06-16 09:36:07,classification_stl_ablation_r05_d03_w0048_48_48_48,stl_ablation_r05_d03_w0048_48_48_48,76,48,3,0.32195860922986724,0.32592681369451815,classification,stl_ablation_r05_d03_w0048_48_48_48,cand_000_d3_w48,151,0.320947710535649,74,2,False,0.8700694907596652,0.8674893719557323,
2026-06-16 09:36:40,classification_stl_ablation_r05_d03_w0048_48_48_48,stl_ablation_r05_d03_w0048_48_48_48,77,48,3,0.3257672699706869,0.34249384263996346,classification,stl_ablation_r05_d03_w0048_48_48_48,cand_000_d3_w48,151,0.320947710535649,74,3,False,0.8676211785460726,0.8576616581470199,
2026-06-16 09:37:15,classification_stl_ablation_r05_d03_w0048_48_48_48,stl_ablation_r05_d03_w0048_48_48_48,78,48,3,0.3250061154630985,0.3232904143776492,classification,stl_ablation_r05_d03_w0048_48_48_48,cand_000_d3_w48,151,0.320947710535649,74,4,False,0.8676943267141413,0.8684187879726682,
2026-06-16 09:37:58,classification_stl_ablation_r05_d03_w0048_48_48_48,stl_ablation_r05_d03_w0048_48_48_48,79,48,3,0.3241965002998582,0.3204242566115425,classification,stl_ablation_r05_d03_w0048_48_48_48,cand_000_d3_w48,151,0.3204242566115425,79,0,True,0.8682321808911168,0.870122717337051,
2026-06-16 09:38:37,classification_stl_ablation_r05_d03_w0048_48_48_48,stl_ablation_r05_d03_w0048_48_48_48,80,48,3,0.3226613680377597,0.34026651242690675,classification,stl_ablation_r05_d03_w0048_48_48_48,cand_000_d3_w48,151,0.3204242566115425,79,1,False,0.8686108302317076,0.8580919433400458,
2026-06-16 09:39:15,classification_stl_ablation_r05_d03_w0048_48_48_48,stl_ablation_r05_d03_w0048_48_48_48,81,48,3,0.3232555998510139,0.3207287601978487,classification,stl_ablation_r05_d03_w0048_48_48_48,cand_000_d3_w48,151,0.3204242566115425,79,2,False,0.8689464512381403,0.8699850260752827,
2026-06-16 09:39:50,classification_stl_ablation_r05_d03_w0048_48_48_48,stl_ablation_r05_d03_w0048_48_48_48,82,48,3,0.3222173758853757,0.3168581026927635,classification,stl_ablation_r05_d03_w0048_48_48_48,cand_000_d3_w48,151,0.3168581026927635,82,0,True,0.8688474860695768,0.8707595394227294,
2026-06-16 09:40:28,classification_stl_ablation_r05_d03_w0048_48_48_48,stl_ablation_r05_d03_w0048_48_48_48,83,48,3,0.3215988791261292,0.33654164200618947,classification,stl_ablation_r05_d03_w0048_48_48_48,cand_000_d3_w48,151,0.3168581026927635,82,1,False,0.8696757815021191,0.861379322214764,
2026-06-16 09:41:09,classification_stl_ablation_r05_d03_w0048_48_48_48,stl_ablation_r05_d03_w0048_48_48_48,84,48,3,0.32186628622628743,0.3172336220833601,classification,stl_ablation_r05_d03_w0048_48_48_48,cand_000_d3_w48,151,0.3168581026927635,82,2,False,0.8695380908328134,0.8714479957315708,
2026-06-16 09:41:42,classification_stl_ablation_r05_d03_w0048_48_48_48,stl_ablation_r05_d03_w0048_48_48_48,85,48,3,0.32144580283608876,0.31841591161363614,classification,stl_ablation_r05_d03_w0048_48_48_48,cand_000_d3_w48,151,0.3168581026927635,82,3,False,0.8696800843355349,0.8705013683069138,
2026-06-16 09:42:21,classification_stl_ablation_r05_d03_w0048_48_48_48,stl_ablation_r05_d03_w0048_48_48_48,86,48,3,0.3202639302535244,0.33558969188962645,classification,stl_ablation_r05_d03_w0048_48_48_48,cand_000_d3_w48,151,0.3168581026927635,82,4,False,0.870295389513995,0.8604154833823858,
2026-06-16 09:42:58,classification_stl_ablation_r05_d03_w0048_48_48_48,stl_ablation_r05_d03_w0048_48_48_48,87,48,3,0.32164672856635457,0.32164995281120307,classification,stl_ablation_r05_d03_w0048_48_48_48,cand_000_d3_w48,151,0.3168581026927635,82,5,False,0.8696951442524903,0.8696063751054198,
2026-06-16 09:43:35,classification_stl_ablation_r05_d03_w0048_48_48_48,stl_ablation_r05_d03_w0048_48_48_48,88,48,3,0.32014717600454407,0.3136439760957917,classification,stl_ablation_r05_d03_w0048_48_48_48,cand_000_d3_w48,151,0.3136439760957917,88,0,True,0.8699920397581807,0.8732207707268378,
2026-06-16 09:44:18,classification_stl_ablation_r05_d03_w0048_48_48_48,stl_ablation_r05_d03_w0048_48_48_48,89,48,3,0.31966414063882326,0.33278537558747256,classification,stl_ablation_r05_d03_w0048_48_48_48,cand_000_d3_w48,151,0.3136439760957917,88,1,False,0.8700157053419677,0.8624636409011893,
2026-06-16 09:44:56,classification_stl_ablation_r05_d03_w0048_48_48_48,stl_ablation_r05_d03_w0048_48_48_48,90,48,3,0.3192078731929252,0.3189549011912572,classification,stl_ablation_r05_d03_w0048_48_48_48,cand_000_d3_w48,151,0.3136439760957917,88,2,False,0.8707471870226544,0.8708111736458924,
2026-06-16 09:45:44,classification_stl_ablation_r05_d03_w0048_48_48_48,stl_ablation_r05_d03_w0048_48_48_48,91,48,3,0.31551422081639746,0.3169105555326487,classification,stl_ablation_r05_d03_w0048_48_48_48,cand_000_d3_w48,151,0.3136439760957917,88,3,False,0.8725307114735052,0.8714479957315708,
2026-06-16 09:46:16,classification_stl_ablation_r05_d03_w0048_48_48_48,stl_ablation_r05_d03_w0048_48_48_48,92,48,3,0.313386177873553,0.31387760170219964,classification,stl_ablation_r05_d03_w0048_48_48_48,cand_000_d3_w48,151,0.3136439760957917,88,4,False,0.8743077816742325,0.8724806801948332,
2026-06-16 09:47:04,classification_stl_ablation_r05_d03_w0048_48_48_48,stl_ablation_r05_d03_w0048_48_48_48,93,48,3,0.3111985601902018,0.31084313605519487,classification,stl_ablation_r05_d03_w0048_48_48_48,cand_000_d3_w48,151,0.31084313605519487,93,0,True,0.8747165508487339,0.8737026901430268,
2026-06-16 09:47:42,classification_stl_ablation_r05_d03_w0048_48_48_48,stl_ablation_r05_d03_w0048_48_48_48,94,48,3,0.31073698477263306,0.3096401203938666,classification,stl_ablation_r05_d03_w0048_48_48_48,cand_000_d3_w48,151,0.3096401203938666,94,0,True,0.8745143176781911,0.8757164248463882,
2026-06-16 09:48:16,classification_stl_ablation_r05_d03_w0048_48_48_48,stl_ablation_r05_d03_w0048_48_48_48,95,48,3,0.3097505663524373,0.3142524504736039,classification,stl_ablation_r05_d03_w0048_48_48_48,cand_000_d3_w48,151,0.3096401203938666,94,1,False,0.8755513005314,0.872394623156228,
2026-06-16 09:48:59,classification_stl_ablation_r05_d03_w0048_48_48_48,stl_ablation_r05_d03_w0048_48_48_48,96,48,3,0.3097762631545704,0.31371549658372283,classification,stl_ablation_r05_d03_w0048_48_48_48,cand_000_d3_w48,151,0.3096401203938666,94,2,False,0.8751124115229879,0.8723774117485069,
2026-06-16 09:49:36,classification_stl_ablation_r05_d03_w0048_48_48_48,stl_ablation_r05_d03_w0048_48_48_48,97,48,3,0.3075511753105163,0.3100087755634437,classification,stl_ablation_r05_d03_w0048_48_48_48,cand_000_d3_w48,151,0.3096401203938666,94,3,False,0.8764118672145608,0.8753549852842464,
2026-06-16 09:50:14,classification_stl_ablation_r05_d03_w0048_48_48_48,stl_ablation_r05_d03_w0048_48_48_48,98,48,3,0.30917383742728444,0.311483133189746,classification,stl_ablation_r05_d03_w0048_48_48_48,cand_000_d3_w48,151,0.3096401203938666,94,4,False,0.8752931305264516,0.8729109653878591,
2026-06-16 09:50:55,classification_stl_ablation_r05_d03_w0048_48_48_48,stl_ablation_r05_d03_w0048_48_48_48,99,48,3,0.30665966956228335,0.3108050637906994,classification,stl_ablation_r05_d03_w0048_48_48_48,cand_000_d3_w48,151,0.3096401203938666,94,5,False,0.8765065295497085,0.8748902772757784,
2026-06-16 09:51:33,classification_stl_ablation_r05_d03_w0048_48_48_48,stl_ablation_r05_d03_w0048_48_48_48,100,48,3,0.30649804162519023,0.308434968975349,classification,stl_ablation_r05_d03_w0048_48_48_48,cand_000_d3_w48,151,0.308434968975349,100,0,True,0.876934661474581,0.8761983442625773,
2026-06-16 09:52:13,classification_stl_ablation_r05_d03_w0048_48_48_48,stl_ablation_r05_d03_w0048_48_48_48,101,48,3,0.31306807263560055,0.3305535037263827,classification,stl_ablation_r05_d03_w0048_48_48_48,cand_000_d3_w48,151,0.308434968975349,100,1,False,0.8728727867300617,0.8634619025490095,
2026-06-16 09:52:59,classification_stl_ablation_r05_d03_w0048_48_48_48,stl_ablation_r05_d03_w0048_48_48_48,102,48,3,0.31032538755246103,0.31250460637079247,classification,stl_ablation_r05_d03_w0048_48_48_48,cand_000_d3_w48,151,0.308434968975349,100,2,False,0.8740496116692842,0.8736682673275847,
2026-06-16 09:53:35,classification_stl_ablation_r05_d03_w0048_48_48_48,stl_ablation_r05_d03_w0048_48_48_48,103,48,3,0.31031483119504205,0.3063597396703204,classification,stl_ablation_r05_d03_w0048_48_48_48,cand_000_d3_w48,151,0.3063597396703204,103,0,True,0.8738602869989889,0.875148448391594,
2026-06-16 09:54:21,classification_stl_ablation_r05_d03_w0048_48_48_48,stl_ablation_r05_d03_w0048_48_48_48,104,48,3,0.3093731018196159,0.32287372511837953,classification,stl_ablation_r05_d03_w0048_48_48_48,cand_000_d3_w48,151,0.3063597396703204,103,1,False,0.8742346335061638,0.8673000464708008,
2026-06-16 09:55:00,classification_stl_ablation_r05_d03_w0048_48_48_48,stl_ablation_r05_d03_w0048_48_48_48,105,48,3,0.309275294566395,0.30941448819134415,classification,stl_ablation_r05_d03_w0048_48_48_48,cand_000_d3_w48,151,0.3063597396703204,103,2,False,0.8748155160172973,0.8754926765460147,
2026-06-16 09:55:39,classification_stl_ablation_r05_d03_w0048_48_48_48,stl_ablation_r05_d03_w0048_48_48_48,106,48,3,0.3090266622870148,0.3049432017455788,classification,stl_ablation_r05_d03_w0048_48_48_48,cand_000_d3_w48,151,0.3049432017455788,106,0,True,0.8743271444246036,0.8761467100394141,
2026-06-16 09:56:24,classification_stl_ablation_r05_d03_w0048_48_48_48,stl_ablation_r05_d03_w0048_48_48_48,107,48,3,0.30799706745664746,0.32729732075590423,classification,stl_ablation_r05_d03_w0048_48_48_48,cand_000_d3_w48,151,0.3049432017455788,106,1,False,0.874781093349971,0.8651830433211133,
2026-06-16 09:57:00,classification_stl_ablation_r05_d03_w0048_48_48_48,stl_ablation_r05_d03_w0048_48_48_48,108,48,3,0.3080521008923266,0.3077575666177388,classification,stl_ablation_r05_d03_w0048_48_48_48,cand_000_d3_w48,151,0.3049432017455788,106,2,False,0.8749080269357372,0.8759573845544827,
2026-06-16 09:57:39,classification_stl_ablation_r05_d03_w0048_48_48_48,stl_ablation_r05_d03_w0048_48_48_48,109,48,3,0.3075087112867084,0.3011464726951364,classification,stl_ablation_r05_d03_w0048_48_48_48,cand_000_d3_w48,151,0.3011464726951364,109,0,True,0.8752565564424173,0.8777473709574706,
2026-06-16 09:58:14,classification_stl_ablation_r05_d03_w0048_48_48_48,stl_ablation_r05_d03_w0048_48_48_48,110,48,3,0.3077681293261805,0.31885086121301603,classification,stl_ablation_r05_d03_w0048_48_48_48,cand_000_d3_w48,151,0.3011464726951364,109,1,False,0.8749273896861083,0.8697612777749092,
2026-06-16 09:59:00,classification_stl_ablation_r05_d03_w0048_48_48_48,stl_ablation_r05_d03_w0048_48_48_48,111,48,3,0.307026913088413,0.30753049299350954,classification,stl_ablation_r05_d03_w0048_48_48_48,cand_000_d3_w48,151,0.3011464726951364,109,2,False,0.8757062025343689,0.875148448391594,
2026-06-16 09:59:36,classification_stl_ablation_r05_d03_w0048_48_48_48,stl_ablation_r05_d03_w0048_48_48_48,112,48,3,0.30796591757776526,0.30272211681868877,classification,stl_ablation_r05_d03_w0048_48_48_48,cand_000_d3_w48,151,0.3011464726951364,109,3,False,0.8751425313568986,0.876972857610024,
2026-06-16 10:00:15,classification_stl_ablation_r05_d03_w0048_48_48_48,stl_ablation_r05_d03_w0048_48_48_48,113,48,3,0.3057199914043884,0.3188024637110313,classification,stl_ablation_r05_d03_w0048_48_48_48,cand_000_d3_w48,151,0.3011464726951364,109,4,False,0.8758976786213721,0.8693309925818833,
2026-06-16 10:00:52,classification_stl_ablation_r05_d03_w0048_48_48_48,stl_ablation_r05_d03_w0048_48_48_48,114,48,3,0.30627196502907134,0.30567480152304644,classification,stl_ablation_r05_d03_w0048_48_48_48,cand_000_d3_w48,151,0.3011464726951364,109,5,False,0.8752285880252146,0.8758369047004354,
2026-06-16 10:01:31,classification_stl_ablation_r05_d03_w0048_48_48_48,stl_ablation_r05_d03_w0048_48_48_48,115,48,3,0.30671054351768623,0.3050841001288144,classification,stl_ablation_r05_d03_w0048_48_48_48,cand_000_d3_w48,151,0.3011464726951364,109,6,False,0.875594328865558,0.8760606530008089,
2026-06-16 10:02:14,classification_stl_ablation_r05_d03_w0048_48_48_48,stl_ablation_r05_d03_w0048_48_48_48,116,48,3,0.30626863603163,0.32029167292391,classification,stl_ablation_r05_d03_w0048_48_48_48,cand_000_d3_w48,151,0.3011464726951364,109,7,False,0.8756653256169188,0.8689179187965784,
2026-06-16 10:02:50,classification_stl_ablation_r05_d03_w0048_48_48_48,stl_ablation_r05_d03_w0048_48_48_48,117,48,3,0.3050991231930297,0.30215013971718735,classification,stl_ablation_r05_d03_w0048_48_48_48,cand_000_d3_w48,151,0.3011464726951364,109,8,False,0.8763903530474818,0.8782292903736597,
2026-06-16 10:03:34,classification_stl_ablation_r05_d03_w0048_48_48_48,stl_ablation_r05_d03_w0048_48_48_48,118,48,3,0.3045655089929283,0.29834453339710165,classification,stl_ablation_r05_d03_w0048_48_48_48,cand_000_d3_w48,151,0.29834453339710165,118,0,True,0.8764441384651793,0.8797955284762741,
2026-06-16 10:04:19,classification_stl_ablation_r05_d03_w0048_48_48_48,stl_ablation_r05_d03_w0048_48_48_48,119,48,3,0.30454399750761585,0.32305973625277895,classification,stl_ablation_r05_d03_w0048_48_48_48,cand_000_d3_w48,151,0.29834453339710165,118,1,False,0.8765990404681483,0.8669558183163801,
2026-06-16 10:05:03,classification_stl_ablation_r05_d03_w0048_48_48_48,stl_ablation_r05_d03_w0048_48_48_48,120,48,3,0.30526058226974484,0.30397295436184757,classification,stl_ablation_r05_d03_w0048_48_48_48,cand_000_d3_w48,151,0.29834453339710165,118,2,False,0.8760160065403068,0.8774891998416551,
2026-06-16 10:05:42,classification_stl_ablation_r05_d03_w0048_48_48_48,stl_ablation_r05_d03_w0048_48_48_48,121,48,3,0.30391900072637695,0.29721230390045156,classification,stl_ablation_r05_d03_w0048_48_48_48,cand_000_d3_w48,151,0.29721230390045156,121,0,True,0.8768443019728491,0.8804323505619525,
2026-06-16 10:06:20,classification_stl_ablation_r05_d03_w0048_48_48_48,stl_ablation_r05_d03_w0048_48_48_48,122,48,3,0.3035689217262923,0.3214427828619487,classification,stl_ablation_r05_d03_w0048_48_48_48,cand_000_d3_w48,151,0.29721230390045156,121,1,False,0.8767582453045331,0.8680057141873634,
2026-06-16 10:06:56,classification_stl_ablation_r05_d03_w0048_48_48_48,stl_ablation_r05_d03_w0048_48_48_48,123,48,3,0.3022893175272766,0.30191561903625846,classification,stl_ablation_r05_d03_w0048_48_48_48,cand_000_d3_w48,151,0.29721230390045156,121,2,False,0.8774596071513091,0.8781088105196124,
2026-06-16 10:07:31,classification_stl_ablation_r05_d03_w0048_48_48_48,stl_ablation_r05_d03_w0048_48_48_48,124,48,3,0.3031652826730808,0.29977487455975593,classification,stl_ablation_r05_d03_w0048_48_48_48,cand_000_d3_w48,151,0.29721230390045156,121,3,False,0.8771433488952475,0.8786595755666856,
2026-06-16 10:08:11,classification_stl_ablation_r05_d03_w0048_48_48_48,stl_ablation_r05_d03_w0048_48_48_48,125,48,3,0.3024999040571292,0.31669585322068217,classification,stl_ablation_r05_d03_w0048_48_48_48,cand_000_d3_w48,151,0.29721230390045156,121,4,False,0.877552118069749,0.8706046367532401,
2026-06-16 10:08:49,classification_stl_ablation_r05_d03_w0048_48_48_48,stl_ablation_r05_d03_w0048_48_48_48,126,48,3,0.30234631469485623,0.3027064995507903,classification,stl_ablation_r05_d03_w0048_48_48_48,cand_000_d3_w48,151,0.29721230390045156,121,5,False,0.8773262193154192,0.8780227534810072,
2026-06-16 10:09:36,classification_stl_ablation_r05_d03_w0048_48_48_48,stl_ablation_r05_d03_w0048_48_48_48,127,48,3,0.30263483358951393,0.2998490843075741,classification,stl_ablation_r05_d03_w0048_48_48_48,cand_000_d3_w48,151,0.29721230390045156,121,6,False,0.8773907618166563,0.8793308204678061,
2026-06-16 10:10:13,classification_stl_ablation_r05_d03_w0048_48_48_48,stl_ablation_r05_d03_w0048_48_48_48,128,48,3,0.30250227617785574,0.31648239079889184,classification,stl_ablation_r05_d03_w0048_48_48_48,cand_000_d3_w48,151,0.29721230390045156,121,7,False,0.8776553860717282,0.8699678146675617,
2026-06-16 10:10:44,classification_stl_ablation_r05_d03_w0048_48_48_48,stl_ablation_r05_d03_w0048_48_48_48,129,48,3,0.3014392575173618,0.30485971225596314,classification,stl_ablation_r05_d03_w0048_48_48_48,cand_000_d3_w48,151,0.29721230390045156,121,8,False,0.8783309309180095,0.877041703240908,
2026-06-16 10:11:22,classification_stl_ablation_r05_d03_w0048_48_48_48,stl_ablation_r05_d03_w0048_48_48_48,130,48,3,0.30296629600997727,0.2959054720406688,classification,stl_ablation_r05_d03_w0048_48_48_48,cand_000_d3_w48,151,0.2959054720406688,130,0,True,0.876977689808739,0.8804839847851156,
2026-06-16 10:12:00,classification_stl_ablation_r05_d03_w0048_48_48_48,stl_ablation_r05_d03_w0048_48_48_48,131,48,3,0.30123812343731043,0.3157704999356756,classification,stl_ablation_r05_d03_w0048_48_48_48,cand_000_d3_w48,151,0.2959054720406688,130,1,False,0.8778447107420236,0.8711381903925922,
2026-06-16 10:12:37,classification_stl_ablation_r05_d03_w0048_48_48_48,stl_ablation_r05_d03_w0048_48_48_48,132,48,3,0.30138464573123097,0.29850866528431913,classification,stl_ablation_r05_d03_w0048_48_48_48,cand_000_d3_w48,151,0.2959054720406688,130,2,False,0.8776532346550203,0.8798987969226003,
2026-06-16 10:13:14,classification_stl_ablation_r05_d03_w0048_48_48_48,stl_ablation_r05_d03_w0048_48_48_48,133,48,3,0.3018308173610935,0.29583841624285556,classification,stl_ablation_r05_d03_w0048_48_48_48,cand_000_d3_w48,151,0.2959054720406688,130,3,False,0.8775693294034121,0.8817576289564724,
2026-06-16 10:13:51,classification_stl_ablation_r05_d03_w0048_48_48_48,stl_ablation_r05_d03_w0048_48_48_48,134,48,3,0.30084011406658545,0.3166699970184621,classification,stl_ablation_r05_d03_w0048_48_48_48,cand_000_d3_w48,151,0.2959054720406688,130,4,False,0.8779372216604634,0.8701915629679351,
2026-06-16 10:14:29,classification_stl_ablation_r05_d03_w0048_48_48_48,stl_ablation_r05_d03_w0048_48_48_48,135,48,3,0.2994009866184305,0.30252415171841274,classification,stl_ablation_r05_d03_w0048_48_48_48,cand_000_d3_w48,151,0.2959054720406688,130,5,False,0.8784385017534047,0.878831689643896,
2026-06-16 10:15:16,classification_stl_ablation_r05_d03_w0048_48_48_48,stl_ablation_r05_d03_w0048_48_48_48,136,48,3,0.30036857599943423,0.29651498113627917,classification,stl_ablation_r05_d03_w0048_48_48_48,cand_000_d3_w48,151,0.2959054720406688,130,6,False,0.8782276629160302,0.8803635049310683,
2026-06-16 10:15:52,classification_stl_ablation_r05_d03_w0048_48_48_48,stl_ablation_r05_d03_w0048_48_48_48,137,48,3,0.2998883992411107,0.3165151132626065,classification,stl_ablation_r05_d03_w0048_48_48_48,cand_000_d3_w48,151,0.2959054720406688,130,7,False,0.8782642370000645,0.8702604085988193,
2026-06-16 10:16:31,classification_stl_ablation_r05_d03_w0048_48_48_48,stl_ablation_r05_d03_w0048_48_48_48,138,48,3,0.299585318599479,0.30067327326377064,classification,stl_ablation_r05_d03_w0048_48_48_48,cand_000_d3_w48,151,0.2959054720406688,130,8,False,0.8784707730040231,0.878814478236175,
2026-06-16 10:17:12,classification_stl_ablation_r05_d03_w0048_48_48_48,stl_ablation_r05_d03_w0048_48_48_48,139,48,3,0.29913196937126535,0.29385164432239536,classification,stl_ablation_r05_d03_w0048_48_48_48,cand_000_d3_w48,151,0.29385164432239536,139,0,True,0.8788838450119404,0.8822739711881035,
2026-06-16 10:17:51,classification_stl_ablation_r05_d03_w0048_48_48_48,stl_ablation_r05_d03_w0048_48_48_48,140,48,3,0.29811838666311613,0.3152060971266472,classification,stl_ablation_r05_d03_w0048_48_48_48,cand_000_d3_w48,151,0.29385164432239536,139,1,False,0.8801101525354446,0.8711209789848712,
2026-06-16 10:18:29,classification_stl_ablation_r05_d03_w0048_48_48_48,stl_ablation_r05_d03_w0048_48_48_48,141,48,3,0.2986555813338875,0.2989182863350824,classification,stl_ablation_r05_d03_w0048_48_48_48,cand_000_d3_w48,151,0.29385164432239536,139,2,False,0.8786859146748134,0.8790210151288274,
2026-06-16 10:19:06,classification_stl_ablation_r05_d03_w0048_48_48_48,stl_ablation_r05_d03_w0048_48_48_48,142,48,3,0.2948694888281716,0.29671002783717226,classification,stl_ablation_r05_d03_w0048_48_48_48,cand_000_d3_w48,151,0.29385164432239536,139,3,False,0.8820270648221854,0.8808626357549784,
2026-06-16 10:19:43,classification_stl_ablation_r05_d03_w0048_48_48_48,stl_ablation_r05_d03_w0048_48_48_48,143,48,3,0.2933393904538361,0.3027814753738685,classification,stl_ablation_r05_d03_w0048_48_48_48,cand_000_d3_w48,151,0.29385164432239536,139,4,False,0.8825713732492847,0.8791587063905957,
2026-06-16 10:20:28,classification_stl_ablation_r05_d03_w0048_48_48_48,stl_ablation_r05_d03_w0048_48_48_48,144,48,3,0.2926154928196267,0.2954356627261909,classification,stl_ablation_r05_d03_w0048_48_48_48,cand_000_d3_w48,151,0.29385164432239536,139,5,False,0.8827628493362879,0.879743894253111,
2026-06-16 10:21:06,classification_stl_ablation_r05_d03_w0048_48_48_48,stl_ablation_r05_d03_w0048_48_48_48,145,48,3,0.29264408878175635,0.290532406728626,classification,stl_ablation_r05_d03_w0048_48_48_48,cand_000_d3_w48,151,0.290532406728626,145,0,True,0.8823863514124051,0.8824116624498718,
2026-06-16 10:21:53,classification_stl_ablation_r05_d03_w0048_48_48_48,stl_ablation_r05_d03_w0048_48_48_48,146,48,3,0.29102073548590596,0.29480576551052257,classification,stl_ablation_r05_d03_w0048_48_48_48,cand_000_d3_w48,151,0.290532406728626,145,1,False,0.8832920978464319,0.8822739711881035,
2026-06-16 10:22:38,classification_stl_ablation_r05_d03_w0048_48_48_48,stl_ablation_r05_d03_w0048_48_48_48,147,48,3,0.2905484802442457,0.294869179282036,classification,stl_ablation_r05_d03_w0048_48_48_48,cand_000_d3_w48,151,0.290532406728626,145,2,False,0.883378154514748,0.8808454243472573,
2026-06-16 10:23:15,classification_stl_ablation_r05_d03_w0048_48_48_48,stl_ablation_r05_d03_w0048_48_48_48,148,48,3,0.2880895227770246,0.2935340150082038,classification,stl_ablation_r05_d03_w0048_48_48_48,cand_000_d3_w48,151,0.290532406728626,145,3,False,0.8845700393709257,0.8828591590506187,
2026-06-16 10:24:01,classification_stl_ablation_r05_d03_w0048_48_48_48,stl_ablation_r05_d03_w0048_48_48_48,149,48,3,0.28801152965359317,0.2901369982803035,classification,stl_ablation_r05_d03_w0048_48_48_48,cand_000_d3_w48,151,0.2901369982803035,149,0,True,0.8849078117940664,0.8838746321061599,
2026-06-16 10:24:38,classification_stl_ablation_r05_d03_w0048_48_48_48,stl_ablation_r05_d03_w0048_48_48_48,150,48,3,0.28548800191520013,0.29218033995749987,classification,stl_ablation_r05_d03_w0048_48_48_48,cand_000_d3_w48,151,0.2901369982803035,149,1,False,0.8856522019750005,0.8827731020120135,
2026-06-16 10:25:15,classification_stl_ablation_r05_d03_w0048_48_48_48,stl_ablation_r05_d03_w0048_48_48_48,151,48,3,0.2875313129782002,0.29870843949189657,classification,stl_ablation_r05_d03_w0048_48_48_48,cand_000_d3_w48,151,0.2901369982803035,149,2,False,0.8847701211247606,0.8779883306655651,
2026-06-16 10:26:02,classification_stl_ablation_r05_d03_w0048_48_48_48,stl_ablation_r05_d03_w0048_48_48_48,152,48,3,0.28512319626238497,0.2902546496671854,classification,stl_ablation_r05_d03_w0048_48_48_48,cand_000_d3_w48,151,0.2901369982803035,149,3,False,0.8861405735676944,0.8838746321061599,
2026-06-16 10:26:40,classification_stl_ablation_r05_d03_w0048_48_48_48,stl_ablation_r05_d03_w0048_48_48_48,153,48,3,0.2866592164580094,0.2903983200695738,classification,stl_ablation_r05_d03_w0048_48_48_48,cand_000_d3_w48,151,0.2901369982803035,149,4,False,0.885312278135152,0.8845630884150014,
2026-06-16 10:27:17,classification_stl_ablation_r05_d03_w0048_48_48_48,stl_ablation_r05_d03_w0048_48_48_48,154,48,3,0.2860142388636391,0.2944830092243462,classification,stl_ablation_r05_d03_w0048_48_48_48,cand_000_d3_w48,151,0.2901369982803035,149,5,False,0.8854994513887395,0.8815683034715409,
2026-06-16 10:28:03,classification_stl_ablation_r05_d03_w0048_48_48_48,stl_ablation_r05_d03_w0048_48_48_48,155,48,3,0.2857143088813924,0.2883088233339563,classification,stl_ablation_r05_d03_w0048_48_48_48,cand_000_d3_w48,151,0.2883088233339563,155,0,True,0.885619930724382,0.8836853066212286,
2026-06-16 10:28:56,classification_stl_ablation_r05_d03_w0048_48_48_48,stl_ablation_r05_d03_w0048_48_48_48,156,48,3,0.28276684644677186,0.28573843209407546,classification,stl_ablation_r05_d03_w0048_48_48_48,cand_000_d3_w48,151,0.28573843209407546,156,0,True,0.8865837654095222,0.8854236588010533,
2026-06-16 10:29:27,classification_stl_ablation_r05_d03_w0048_48_48_48,stl_ablation_r05_d03_w0048_48_48_48,157,48,3,0.2822286405773864,0.2814258149469521,classification,stl_ablation_r05_d03_w0048_48_48_48,cand_000_d3_w48,151,0.2814258149469521,157,0,True,0.8867106989952884,0.8876267189893461,
2026-06-16 10:30:06,classification_stl_ablation_r05_d03_w0048_48_48_48,stl_ablation_r05_d03_w0048_48_48_48,158,48,3,0.28384340268035335,0.286721616135524,classification,stl_ablation_r05_d03_w0048_48_48_48,cand_000_d3_w48,151,0.2814258149469521,157,1,False,0.8862223274025947,0.8856646185091479,
2026-06-16 10:30:51,classification_stl_ablation_r05_d03_w0048_48_48_48,stl_ablation_r05_d03_w0048_48_48_48,159,48,3,0.2837178624455196,0.2819888542693395,classification,stl_ablation_r05_d03_w0048_48_48_48,cand_000_d3_w48,151,0.2814258149469521,157,2,False,0.8864955573244981,0.8883323867059086,
2026-06-16 10:31:28,classification_stl_ablation_r05_d03_w0048_48_48_48,stl_ablation_r05_d03_w0048_48_48_48,160,48,3,0.28271479532791033,0.2849841644381457,classification,stl_ablation_r05_d03_w0048_48_48_48,cand_000_d3_w48,151,0.2814258149469521,157,3,False,0.8864998601579139,0.8860432694790107,
2026-06-16 10:32:14,classification_stl_ablation_r05_d03_w0048_48_48_48,stl_ablation_r05_d03_w0048_48_48_48,161,48,3,0.2810295932858093,0.28974144682638253,classification,stl_ablation_r05_d03_w0048_48_48_48,cand_000_d3_w48,151,0.2814258149469521,157,4,False,0.8875712656784492,0.8830656959432712,
2026-06-16 10:32:52,classification_stl_ablation_r05_d03_w0048_48_48_48,stl_ablation_r05_d03_w0048_48_48_48,162,48,3,0.28428360659703084,0.28884877633431705,classification,stl_ablation_r05_d03_w0048_48_48_48,cand_000_d3_w48,151,0.2814258149469521,157,5,False,0.88535530646931,0.8830484845355502,
2026-06-16 10:33:37,classification_stl_ablation_r05_d03_w0048_48_48_48,stl_ablation_r05_d03_w0048_48_48_48,163,48,3,0.28058356757146663,0.28437112804140435,classification,stl_ablation_r05_d03_w0048_48_48_48,cand_000_d3_w48,151,0.2814258149469521,157,6,False,0.8873087928400852,0.8856301956937058,
2026-06-16 10:34:16,classification_stl_ablation_r05_d03_w0048_48_48_48,stl_ablation_r05_d03_w0048_48_48_48,164,48,3,0.28125064781237835,0.2847244795437793,classification,stl_ablation_r05_d03_w0048_48_48_48,cand_000_d3_w48,151,0.2814258149469521,157,7,False,0.8868720552483811,0.8864219204488735,
2026-06-16 10:35:08,classification_stl_ablation_r05_d03_w0048_48_48_48,stl_ablation_r05_d03_w0048_48_48_48,165,48,3,0.27940399974641644,0.2948216314763162,classification,stl_ablation_r05_d03_w0048_48_48_48,cand_000_d3_w48,151,0.2814258149469521,157,8,False,0.8883178072760913,0.8803979277465104,
2026-06-16 10:35:45,classification_stl_ablation_r05_d03_w0048_48_48_48,stl_ablation_r05_d03_w0048_48_48_48,166,48,3,0.28315076901340197,0.2833312972729937,classification,stl_ablation_r05_d03_w0048_48_48_48,cand_000_d3_w48,151,0.2814258149469521,157,9,False,0.886785998580065,0.8868177828264574,
2026-06-16 10:36:22,classification_stl_ablation_r05_d03_w0048_48_48_48,stl_ablation_r05_d03_w0048_48_48_48,167,48,3,0.2793926548780605,0.2928504757142654,classification,stl_ablation_r05_d03_w0048_48_48_48,cand_000_d3_w48,151,0.2814258149469521,157,10,False,0.8881413911060433,0.881155229686236,
